2.48276 3.32849 0.28155 2.14784 0.81267 1.48158 2.19188 0.00115 0.62764 4.30003 2.91077 0.42412 3.57064 4.55479 3.22558 0.60798 1.85324 0.17044 3.44697 2.37193 4.70464 1.02372 3.82712 0.93974 4.40346 2.45078 2.51375 0.35681 3.50704 1.91140 2.60626 2.73799 0.55682 4.26090 2.42149 4.93157 2.86665 2.47563 4.41020 4.61283 4.75451 2.67438 0.46542 2.62432 3.40487 3.16076 0.31751 2.10179 2.23996 1.59667 0.77379 4.56284 3.41317 4.49462 3.20098 1.38925 3.63945 0.00927 3.60323 0.65714 0.75596 4.61357 1.16716 1.91851 1.01525 4.08963 4.24529 2.62168 3.39624 4.35346 0.46269 2.39131 3.05700 1.79950 0.25571 0.33440 0.22553 0.00575 4.50120 4.06847 1.24189 0.02365 0.54739 4.90187 3.43554 2.90491 1.50880 4.86055 4.99059 2.23635 2.99811 3.32819 2.75574 2.98749 4.91279 2.42904 2.07320 3.97485 3.61577 3.86983 0.49935 0.34241 3.00483 4.40596 0.77857 4.10721 4.97671 2.99937 4.50945 4.55890 2.59879 3.88404 2.65025 1.99565 4.60699 4.39829 3.77784 1.37024 0.37282 3.52953 3.91349 4.17771 0.21147 2.55208 3.72091 4.69054 0.33651 2.02643 0.07048 4.11372 3.17248 3.33081 4.84021 4.64649 1.39597 2.07337 1.52467 4.88256 4.53758 1.40377 4.76962 3.61710 0.30325 4.82356 3.51009 2.44640 3.79504 4.45917 4.51685 2.61204 2.37127 1.48311 1.04781 1.25127 0.09585 1.97800 0.04376 4.54251 0.21135 3.76482 4.12934 4.48145 3.22313 1.74578 0.19821 4.06886 4.40765 1.03203 4.83553 3.24417 2.53207 0.37689 1.40971 0.74481 4.48138 3.26095 1.63939 2.32495 1.28802 4.87294 3.49151 3.12100 3.71735 0.40051 1.71288 4.92480 1.31570 0.64030 4.35394 1.31895 2.42618 0.31466 4.65987 4.96700 3.63888 2.45119 4.42691 4.34134 0.99824 4.25525 
3.32849 0.73159 3.14421 4.83786 3.54879 4.11376 1.04594 1.66824 0.73215 3.24579 1.86614 1.18123 4.46867 4.65448 0.27761 1.25459 0.72287 3.62699 4.66314 3.19875 2.17738 4.36327 1.12655 1.26336 4.39494 3.21302 2.40322 2.25353 1.81349 3.32325 3.66088 1.65408 1.90241 3.73162 1.88777 2.84493 2.65710 0.27101 3.76779 0.25294 3.36157 3.14094 2.00548 4.82744 1.95123 0.58396 2.92968 1.26869 0.81114 0.34926 3.64483 3.46622 4.85141 3.99559 4.86062 3.61777 2.81880 1.18137 1.99162 2.26662 1.08961 4.90680 0.93322 2.79699 0.40846 3.84344 3.67186 3.81274 3.90455 1.93588 0.23697 3.85591 1.15173 0.05260 1.43870 2.42941 4.41218 1.65551 2.92690 2.61572 1.59216 2.94426 0.74841 4.34201 4.86875 4.30189 2.24451 2.65725 1.65237 4.84746 0.62156 1.15045 2.21332 1.60933 1.22337 1.75811 3.31171 2.02738 0.64392 0.85634 3.86740 3.82313 4.62738 3.39752 4.63630 4.53429 1.82568 2.38641 1.01642 4.37417 0.11249 1.66671 4.19314 2.36925 1.30816 4.54076 0.50123 1.66048 4.95112 1.42437 4.98686 4.27980 4.58405 3.56102 0.00723 2.87440 0.91334 4.81829 1.31990 2.63228 3.97986 0.06140 2.45450 4.83818 0.06021 0.35809 1.39636 1.97265 3.63906 0.89455 4.36466 1.36666 3.27181 1.56866 3.06438 0.08405 4.13943 4.63483 4.50818 0.76240 1.30638 3.87977 4.82400 3.57663 4.18005 0.75283 3.32066 0.66715 0.06671 0.81476 4.11454 0.30427 2.48157 2.22812 0.41727 0.64254 2.53600 3.72940 4.93990 3.19250 0.15729 4.30108 2.03167 0.53374 4.53803 3.32200 2.09021 4.38361 2.33341 3.30017 2.35919 4.88197 0.07487 0.88673 4.57474 4.95718 2.72332 3.99761 2.59327 0.39431 4.50035 2.81427 1.39357 3.86811 1.19409 1.74409 3.91035 4.75441 0.19868 3.15745 
0.28155 3.14421 3.44471 0.15943 2.10222 1.71257 0.78031 0.86278 4.75486 1.17439 1.18833 4.95321 0.32155 1.94113 3.75778 0.93245 0.82736 3.63729 3.67116 4.20069 2.43779 4.50697 1.34447 4.73422 0.06316 0.35264 0.65223 4.68124 2.54220 0.08601 3.60312 0.68453 0.43169 0.77683 0.86446 4.28018 0.42125 0.35700 0.95127 2.40039 2.29624 4.83097 0.89729 3.14632 4.70943 0.19411 4.96570 1.80694 3.39042 2.01964 0.79178 4.93308 4.74942 2.35894 4.08861 2.87717 1.62178 4.74067 4.20233 1.96049 2.48656 1.45034 0.84195 2.60704 2.28611 4.23629 2.89809 4.80062 4.71398 1.19975 3.52874 2.88531 2.84314 0.98099 2.45241 0.48512 1.38017 4.81020 4.42811 3.50432 3.87810 0.42707 3.20007 4.26124 2.47270 1.92844 3.17595 2.67580 4.25337 4.93651 2.92963 2.58138 4.19944 3.01286 3.36323 2.06556 1.74080 3.41587 0.32246 4.80135 4.80343 2.31353 2.38169 3.54140 2.61734 1.64086 0.84983 2.88369 1.36742 4.41666 4.19953 4.54049 4.80558 3.50816 4.69625 2.25500 1.39155 1.32160 2.05943 3.20565 4.14546 1.48440 4.28969 2.85016 1.75992 2.31710 3.05719 3.21449 2.29462 3.33535 2.18837 2.29102 2.95175 2.50216 4.18109 1.53078 2.57224 1.81361 3.39892 3.09380 2.99782 2.65736 4.67052 0.14462 1.78489 4.35855 4.68239 2.77675 3.73486 3.31403 2.48719 0.23594 1.70277 1.01981 2.04184 4.74846 1.36863 4.29175 3.28256 4.09537 3.39065 0.75414 1.37972 3.89725 4.22051 2.67829 3.49275 1.56715 1.04075 3.96477 1.26302 3.87344 2.80301 2.21204 0.09521 3.74067 4.30266 2.65394 0.84082 3.15871 1.04648 0.29303 3.12088 2.11041 4.36104 3.84105 0.22154 4.15060 2.58207 0.39690 3.23186 1.44842 4.17244 1.96257 0.03608 3.65528 2.47544 2.49505 0.54614 4.18926 
2.14784 4.83786 0.15943 2.34016 1.81458 1.48830 4.37796 2.70122 2.19462 2.41955 3.21402 3.07985 0.22465 2.92573 0.22788 3.94982 0.70362 2.07977 3.53841 1.60802 2.04718 3.85097 3.51359 2.06638 2.39923 1.84768 1.55929 0.07228 4.26460 2.33846 4.39420 4.53579 4.73153 4.17875 3.19454 3.83408 0.94672 2.02110 2.27384 0.94829 1.43023 0.91039 4.46322 1.51363 1.57149 0.16815 0.17860 1.30688 4.49852 0.91065 4.79607 4.71134 0.74245 3.88792 1.53969 2.37072 3.27606 3.78954 4.64088 4.73156 3.65190 2.15838 4.22087 4.96818 4.93227 2.45647 4.73286 3.95135 3.73337 2.21338 4.07517 4.35835 0.11135 0.08532 4.73698 3.70112 1.82307 4.79413 4.79282 1.27191 0.09209 2.48343 3.83768 3.65351 4.80703 3.91293 2.31177 3.22014 2.74839 4.95166 0.25042 4.75309 1.16938 3.07027 0.60150 4.02499 3.80056 3.46959 0.56049 3.66205 1.07669 1.31657 1.20276 4.29391 2.33266 3.44326 3.25626 1.54534 4.63450 4.15630 1.50801 1.73958 0.31807 0.31264 3.81721 3.77388 3.73423 1.05477 1.40123 2.82797 4.94278 0.03148 1.24159 4.78548 0.47209 3.22706 4.54087 1.22724 4.84570 3.80461 2.95419 3.91054 3.46671 2.46364 4.26591 3.92555 2.00496 0.49591 1.62151 3.44306 2.52754 3.97860 4.83268 2.68759 4.89130 1.80464 3.51994 4.61772 2.03406 3.65413 1.44856 1.72779 0.68212 4.64892 3.75188 0.43958 4.07355 2.59914 2.35922 2.09210 4.78416 2.19191 3.78542 1.50544 3.85563 4.63947 3.06683 4.26114 4.64787 4.59989 1.50507 2.05472 2.17209 0.21434 1.60962 2.91397 1.87332 2.93061 3.20433 3.49226 2.70328 3.16568 4.71663 1.62487 1.90538 4.51649 0.72512 1.53688 0.78547 0.07655 2.56680 0.50479 4.19465 0.82911 0.25482 0.96678 4.84855 0.13950 4.82772 1.44455 
0.81267 3.54879 2.10222 1.81458 2.56152 4.08974 2.12881 3.65644 2.10915 2.01759 2.62679 3.66874 0.64192 1.82533 3.35401 1.22975 1.26178 2.79831 0.11659 1.76719 0.71619 4.16013 1.46904 3.19002 1.84890 2.93447 0.33608 4.23516 0.92703 1.88024 4.78671 4.83003 2.71054 0.01664 3.14050 2.82394 0.87714 4.21164 0.02677 1.57395 0.41512 3.32776 3.07578 1.68026 3.86448 3.81176 3.83985 2.65764 2.85538 0.39370 2.20645 0.33598 0.56040 2.69083 4.74816 2.21529 3.25675 1.16196 2.07155 1.09871 3.76527 1.65073 1.58383 4.90732 0.69018 0.01651 0.13923 4.28955 1.98648 2.35794 3.59310 1.19865 4.80760 0.56754 4.35809 4.07598 0.97540 0.35140 0.99236 4.27570 4.92509 3.04321 4.66225 3.35576 2.03247 4.12709 2.91170 1.37715 1.76774 4.15406 2.57730 3.26213 3.84415 4.93811 2.34220 2.00555 4.15948 4.50094 4.39514 1.38104 0.85023 4.10251 4.91507 4.08566 2.69248 3.95405 4.73886 2.69783 0.65722 4.42041 0.08405 1.64020 2.94270 0.94300 0.72202 3.62397 0.81082 4.76807 4.55673 3.96482 2.11178 2.26705 2.32215 2.19346 1.31998 2.05856 3.62618 1.60161 0.07021 0.85970 2.03435 1.66432 3.68529 2.53677 1.39127 3.63389 3.65254 4.92336 1.34847 0.31203 4.82587 4.81149 0.72209 3.95515 1.71281 2.98743 3.10224 2.16005 0.22206 0.11762 3.22640 1.20088 2.88668 0.73712 2.30247 1.75668 4.79521 1.04918 3.40364 2.97462 3.22661 1.91058 3.57819 0.87800 2.53097 3.40659 4.63498 4.84816 1.87738 2.16818 1.03161 1.21355 1.61960 1.86161 2.65106 3.37054 4.74132 1.60074 0.88706 4.67416 0.93417 3.85899 4.64340 4.98187 3.64637 3.46223 4.00268 1.95088 0.99688 2.54612 4.24128 4.29520 1.87460 3.78774 4.00628 0.34924 3.19408 3.54996 4.16265 0.68335 
1.48158 4.11376 1.71257 1.48830 4.08974 1.03481 3.78894 2.54413 3.72499 4.89204 2.10548 4.46588 1.48760 4.17019 4.30708 0.89016 0.55531 0.27849 1.38043 4.97855 3.45099 0.68043 4.14730 1.95336 0.79399 2.20906 4.83839 0.66018 1.17172 0.10725 1.81830 3.54218 3.17928 4.07295 0.13537 3.36757 2.47059 4.08362 3.05808 2.59751 2.09007 2.70897 4.35478 2.73486 0.57115 3.77879 4.53873 0.98924 1.87911 3.70073 0.35146 2.65453 1.90276 3.98508 2.31263 1.38707 1.85098 3.95914 1.59755 3.15141 1.15370 4.58678 1.88727 1.66171 1.69837 3.36033 3.20111 0.27871 1.92543 0.52775 0.29767 3.25092 0.26165 2.34913 4.70322 4.03298 1.96891 2.55148 4.18265 2.93318 4.93504 0.84083 0.85002 1.18475 1.51980 2.92558 1.66567 3.49179 4.90663 0.45807 4.78310 1.35187 1.69209 3.08289 4.79070 1.82393 3.69032 2.12521 3.99516 0.60466 2.23813 3.61190 3.37023 3.15110 0.08419 4.30889 2.95734 2.38523 4.23787 1.31170 0.36527 2.12184 1.77319 3.74170 2.54032 0.54747 3.44150 3.09000 3.33603 0.76201 2.28281 0.29446 0.22370 3.88023 4.05674 2.32758 1.07714 4.42482 4.88653 0.77353 1.61608 0.56280 0.74590 4.95850 4.28294 0.11969 1.37087 2.81080 2.99312 4.62019 3.47774 4.92245 3.97565 1.85856 4.27060 4.68692 1.40153 4.59494 0.66490 1.83440 1.47375 4.94751 3.30033 4.88260 3.37417 2.33308 0.71073 2.68626 3.87743 0.47355 0.22959 1.38784 0.45447 1.99357 0.68722 4.14612 4.40506 2.58838 1.37514 0.31607 4.53834 1.13373 3.37131 2.55315 2.42683 4.57527 3.21712 1.16733 3.50725 1.99782 0.27744 0.01950 3.71091 0.09976 4.38525 2.16442 2.74826 1.94121 3.64189 2.14537 2.22265 3.49145 1.40638 3.44583 0.93537 2.25989 4.53815 0.72927 0.79864 2.38164 
2.19188 1.04594 0.78031 4.37796 2.12881 3.78894 1.15685 3.54100 3.88079 4.56284 2.43200 3.51293 4.15548 2.53030 4.92076 0.47649 3.35568 3.22467 3.52183 2.43862 3.98649 3.21601 2.31981 3.06534 3.52717 1.38604 1.15128 2.11635 2.35049 2.13363 3.15070 0.41773 1.06137 1.43181 1.43071 1.19962 1.16255 1.34711 1.34291 3.47723 1.00212 3.86968 0.95830 1.15033 2.35988 0.47877 2.83260 1.43510 4.25069 1.05664 1.19295 4.43711 0.23448 4.98101 3.13782 3.20397 3.84393 4.27618 0.59864 2.55602 4.49980 1.03320 0.81547 4.74272 1.25650 4.25625 1.15331 3.38862 4.88970 4.33369 4.78246 1.91596 0.63767 1.33575 0.19532 2.31938 0.47610 2.81574 1.69125 0.74432 3.23359 2.13731 1.86675 2.22320 4.43533 3.10639 4.16462 2.35581 1.24346 4.78426 4.60503 3.90343 2.69348 2.36828 1.71442 3.68415 0.01092 4.41188 2.23311 0.81152 2.73768 1.01720 3.59658 1.97607 4.76189 4.96616 1.20335 4.91208 1.89258 2.69193 1.68682 1.46791 3.06569 2.05767 0.46119 4.37021 2.53063 0.76773 1.70154 4.17079 1.81852 4.94374 3.21231 3.33300 0.00960 0.65149 2.73333 3.56371 2.82639 3.54923 1.60053 4.45280 2.61254 4.07381 3.12256 0.13608 3.99967 3.80421 0.93345 0.95737 1.40284 0.60214 0.14438 1.14343 3.76170 1.47629 4.62920 2.01017 1.70113 2.63921 1.85493 3.64472 4.52133 1.10605 4.49983 2.82415 1.84086 3.24227 1.71079 4.87449 1.96250 2.61591 3.33573 4.49300 3.96596 1.20104 0.25263 2.27013 0.46340 3.65594 3.01008 2.78638 0.89661 4.94633 3.22705 2.02220 1.17380 0.77459 1.48372 0.21889 2.50798 1.02603 2.00970 4.84471 3.15109 2.05776 1.15801 1.54735 4.64228 4.08169 0.08851 0.77295 4.48373 2.96696 3.99712 4.47697 3.30564 3.48641 3.66733 1.18779 
0.00115 1.66824 0.86278 2.70122 3.65644 2.54413 3.54100 4.51580 0.72498 0.72075 4.76419 1.78914 2.06330 0.15854 0.93824 0.12664 0.74731 2.15471 3.09238 3.39726 4.59435 0.44739 1.38839 3.51716 1.29797 0.51904 0.06651 2.66719 3.15010 4.33116 1.44984 1.10723 4.76044 2.03191 0.42354 3.31896 2.62384 3.46327 3.17776 2.95857 0.65749 4.71268 3.08792 1.68887 3.23713 2.46523 1.30614 4.60295 1.82818 1.67824 0.01472 0.06786 2.19901 1.60874 2.17714 3.27810 0.97586 0.54458 3.85781 0.19155 4.14723 3.61570 1.87993 3.35142 0.13808 3.76874 2.37655 3.11000 4.47762 2.67559 1.05556 1.14679 0.49725 2.89658 1.15132 2.80330 1.17616 0.73784 4.74773 2.48012 4.35059 1.71757 0.61729 2.20255 4.30883 4.50090 4.88317 1.95650 4.98833 4.27047 3.64495 1.72642 2.89514 1.29029 0.45074 1.48534 3.69115 3.49221 0.89730 2.04976 1.49403 3.19476 1.21500 1.52912 1.05094 0.05733 2.97564 4.58325 3.46469 1.41253 4.84779 2.31735 2.34362 3.61630 0.92950 0.06236 4.52961 1.74902 4.69049 3.62951 3.73790 0.20854 0.05078 2.71888 3.96367 2.60274 0.97013 0.77886 2.71146 0.09963 0.99846 4.73969 1.46070 3.57810 2.18373 1.11376 2.16359 4.67181 2.20703 3.10526 0.48737 1.07165 0.53857 4.69381 3.36305 4.28349 3.22077 3.44431 3.72472 1.79249 0.78986 4.79525 3.05064 1.20536 0.06536 3.24111 3.01868 1.19840 0.55279 3.55354 4.72754 2.83960 1.01931 4.58851 0.11356 1.25570 2.18250 0.36021 3.40409 0.43368 4.18025 4.69241 0.32615 0.76391 1.61326 0.59736 1.85767 2.41094 2.03411 0.50229 4.23346 1.72565 3.12756 4.91494 4.75441 4.25806 2.83040 2.16777 2.39284 1.88773 0.88569 4.53442 4.82594 3.63279 3.94245 3.50231 0.09140 1.63092 3.18848 0.99680 
0.62764 0.73215 4.75486 2.19462 2.10915 3.72499 3.88079 0.72498 2.66098 4.98523 3.54886 1.27333 3.12996 2.84416 3.86835 4.36422 3.57060 2.52230 3.91089 3.93136 1.68693 3.28307 1.90812 2.13081 1.41710 3.78726 2.24012 4.34171 2.37910 2.18325 0.37233 2.00243 0.25772 3.47465 3.65184 0.18792 3.73826 1.57541 4.00241 0.26404 0.14832 3.35626 4.98178 4.97952 2.45703 2.83268 1.37489 3.66935 3.47592 4.35443 3.30726 2.01522 1.92172 4.46933 2.35096 1.65981 2.74513 0.86686 3.85855 3.22794 0.74689 0.10611 4.65606 2.24777 4.83006 0.42018 3.63235 4.56954 2.25326 4.81869 4.81970 4.08365 0.32174 3.60998 4.42622 4.48097 1.08985 3.79396 3.37869 4.06758 4.75032 0.07063 2.20171 2.03703 0.49110 4.33332 2.20088 4.36312 1.14208 0.91104 3.65316 1.55582 2.98089 0.76220 3.02210 4.82386 0.58308 1.65075 0.61063 0.81875 3.68824 1.73220 0.80537 1.65351 4.20464 2.19595 3.43713 0.56002 3.82284 0.73510 3.32939 0.58563 1.28000 1.80597 0.89429 3.55347 2.27397 3.38715 4.49254 2.99142 3.92744 2.31817 1.04496 2.44966 0.74247 4.18770 3.17868 1.10228 4.25175 2.12290 0.63741 1.49763 2.29300 1.00796 2.17295 3.96829 4.62454 1.51004 4.07289 3.42354 4.72256 2.52363 2.53844 3.86475 1.20269 2.04465 2.49704 4.03213 3.68143 2.16947 3.06877 3.60591 4.71558 3.57180 3.77499 3.54745 1.05383 1.96428 1.91691 3.62833 1.01304 2.29926 0.11122 0.31536 1.70818 0.73169 3.26732 3.76588 1.85962 2.16143 1.85759 4.25337 1.36070 3.82495 0.96602 3.35431 3.98482 4.32936 3.61597 4.35212 4.96100 0.45343 3.35280 4.67516 1.45484 1.29869 2.08718 1.60799 3.70474 0.10377 4.14966 3.77742 3.01811 2.46139 4.24352 0.99791 4.50585 1.35052 3.15133 4.39963 
4.30003 3.24579 1.17439 2.41955 2.01759 4.89204 4.56284 0.72075 4.98523 2.19536 2.44664 4.30955 3.49506 3.51969 4.55927 2.63681 0.05605 3.53386 1.80271 3.72429 1.66802 0.09854 4.59912 0.87449 1.34774 3.62674 1.78383 4.72771 0.10625 4.38202 0.70230 2.82930 0.21234 0.20979 1.10475 0.46522 4.77117 0.57770 3.03517 0.19650 0.13634 1.89139 2.53059 2.53638 3.38484 3.87091 4.37807 3.18473 1.31917 4.84579 1.08068 0.72725 2.13704 1.81774 0.55053 0.05029 2.40058 1.10545 3.44254 4.26064 2.31701 1.02155 4.86413 2.24439 0.64111 0.92510 4.91564 4.27458 3.95728 1.87092 4.93673 3.17743 0.38007 4.05846 0.83471 3.39636 2.21497 3.12563 4.66010 2.02655 0.18619 1.68780 3.95808 0.21819 1.00957 4.17734 4.97708 0.71728 2.36318 2.17728 2.74954 4.20010 2.38679 0.88305 4.39485 2.19521 4.37582 4.78299 2.83019 0.02659 4.18422 0.97173 3.83789 1.37032 0.32168 0.94559 0.13202 4.72623 2.83723 2.15857 0.52694 1.66438 1.78957 2.81604 4.44604 0.92612 2.58286 0.26602 2.05965 4.92101 1.31755 3.22047 1.12516 0.45872 1.89410 0.84748 4.76420 0.54825 3.19210 0.35726 1.67538 4.16371 2.70875 1.03656 4.69881 1.15521 0.51420 4.13737 0.84933 1.13545 2.90486 3.60410 0.37803 1.61714 4.29913 4.22860 3.64161 3.85464 2.51818 2.49486 3.42116 1.45730 4.87394 2.54500 0.27843 4.61262 4.39784 3.43706 1.83842 1.66962 2.98948 0.13453 0.89211 3.38797 0.35261 4.57086 0.59739 1.62229 2.87393 0.16139 4.07641 2.86683 4.35263 0.42517 0.44529 4.48084 1.92029 4.95365 4.92924 2.61231 0.02102 2.98751 3.70168 0.66790 1.82239 0.89266 3.50732 1.48272 0.47420 1.05799 4.88207 3.23727 3.75242 0.25748 3.84026 0.27459 4.55194 3.55566 4.56419 1.68195 
2.91077 1.86614 1.18833 3.21402 2.62679 2.10548 2.43200 4.76419 3.54886 2.44664 0.60739 4.00586 1.78219 0.22353 4.61528 3.95477 1.86722 1.61790 2.44298 3.87267 2.01446 2.43443 2.38480 1.56808 4.27805 1.99007 1.95999 1.09724 0.45599 3.53247 0.74159 0.96583 3.32946 3.93225 0.31221 2.55320 3.18583 3.82691 1.02007 3.42166 0.81181 1.17892 4.56397 3.04741 1.73803 1.06249 2.08422 3.91020 2.78260 0.97520 1.84147 0.07891 2.28946 0.39616 4.39772 3.84652 2.62803 1.76014 1.59400 4.40483 2.82902 4.58199 4.37406 3.45349 4.82557 4.50877 1.40966 1.34669 2.87007 2.47274 1.52355 3.37106 2.85881 3.51013 3.51445 3.88893 4.64801 3.85433 3.30247 2.87985 2.94364 4.53120 3.42486 4.27095 3.03078 4.31712 0.11294 1.90183 4.83905 3.77084 4.22070 0.95437 3.56271 0.33862 0.60289 0.76193 2.03646 4.74321 4.55845 2.55950 4.16065 2.00220 0.27145 0.54706 1.04821 2.24665 0.85519 4.60774 0.98619 3.80955 4.39796 2.78276 3.34873 2.87188 4.03845 3.68147 2.92897 2.85736 4.48201 0.06284 3.76139 0.08266 3.88000 1.91828 1.95343 3.24388 0.70650 4.21347 0.72934 3.76205 4.20943 2.59359 3.28489 0.94681 1.41794 0.55089 1.96045 4.25938 0.23823 4.91376 0.04100 4.57122 4.25508 0.80072 3.39467 4.39561 4.81580 3.04115 1.45038 4.30475 2.35164 3.28663 0.30598 4.58905 3.68595 0.80326 2.24297 4.13684 2.98860 2.06778 1.62199 1.24866 0.71557 4.50027 3.14502 0.90015 0.17820 1.80669 2.22093 1.84876 2.62707 1.71792 3.66661 2.97403 1.92443 2.28314 3.04847 1.64688 3.98166 4.07766 3.53083 1.55375 2.32370 0.63465 0.38663 1.83552 2.03285 1.41131 3.16090 3.23385 3.24467 0.60055 3.50191 2.02904 2.59774 3.93438 1.61537 4.27983 0.05756 1.27388 
0.42412 1.18123 4.95321 3.07985 3.66874 4.46588 3.51293 1.78914 1.27333 4.30955 4.00586 4.20205 1.37835 2.27829 2.61071 2.24130 4.36974 0.77100 3.12448 2.53866 2.27904 4.20561 1.04998 2.10146 0.77564 2.97853 1.34650 0.00694 3.59271 3.97731 4.96077 0.92402 2.92476 3.21673 0.90476 0.11480 1.53646 4.61127 2.39351 3.92177 2.03089 3.69392 4.00726 1.11984 0.91228 4.14889 4.75087 0.33295 1.01910 1.86051 4.11443 2.06611 2.14585 2.00653 4.81765 0.94655 1.28011 3.96147 1.01131 0.99156 0.68330 0.29599 3.86768 3.19280 4.88547 4.53631 3.91465 3.32276 4.65497 4.11332 0.24250 1.60283 3.77058 4.81350 4.06476 4.02503 4.35667 0.22951 1.66428 4.57144 1.05009 4.08408 4.76062 4.03446 3.02196 1.70779 2.94538 0.39331 4.06825 4.43280 0.33686 4.86216 2.56286 1.71915 4.68719 1.48489 4.00690 0.65579 1.15233 0.03187 0.44186 3.23096 2.02302 0.55330 2.87462 3.79983 4.26285 3.18872 4.60490 2.30330 0.45292 1.22821 0.48264 3.52119 4.08414 0.29999 2.45233 1.44332 3.34268 3.33384 1.57697 1.38080 4.01626 2.35778 2.15456 0.83998 2.71512 4.54557 1.64045 4.26798 3.69705 0.38940 0.22902 4.33008 1.54834 0.64950 4.00478 4.37602 2.27959 1.38259 3.18683 3.63072 1.91410 1.00275 0.81971 4.54088 0.88757 1.94106 3.23051 3.71436 3.93873 4.07897 1.11486 0.29823 2.19237 1.09981 3.43791 4.19973 0.74976 0.17538 0.65971 2.71400 1.87711 4.75049 1.60316 1.28511 4.28322 4.45674 0.57794 3.90032 0.60533 1.55357 3.92189 2.05998 1.06974 3.51619 4.70479 0.14129 0.99577 4.04710 0.00586 2.99706 0.89233 2.54426 4.48936 0.72200 2.01982 3.90147 4.29122 2.04861 4.51375 3.01460 4.83872 3.87938 3.18448 1.91443 0.76501 4.04944 4.50898 2.51874 
3.57064 4.46867 0.32155 0.22465 0.64192 1.48760 4.15548 2.06330 3.12996 3.49506 1.78219 1.37835 4.67648 4.77499 2.84112 1.39309 3.07611 2.06337 0.60590 4.01185 2.14582 4.02743 3.96930 3.02711 0.51968 2.90081 2.83709 1.26794 1.32545 4.13618 1.82475 0.22182 2.08813 3.28242 2.23613 0.78496 0.04658 0.07855 0.91199 1.13035 0.76735 4.02669 4.77377 2.72918 1.90013 4.46840 3.84467 2.30088 3.52302 3.19927 4.72237 4.76292 4.80548 1.92726 1.79045 3.93766 3.97018 0.37740 3.66170 2.76094 3.57564 1.73823 0.36211 3.26427 4.54798 3.05506 0.89460 1.48820 4.75845 2.42753 1.01325 0.37262 3.13204 2.74274 0.12790 1.28519 3.65926 1.65045 1.22412 0.24328 0.40850 2.50009 0.89249 3.68706 0.85793 4.64602 2.02197 0.33051 4.00648 4.48092 1.32542 4.68890 3.72144 4.56860 3.67069 0.21969 3.34003 0.56674 1.61783 4.06177 2.38295 3.20490 4.68522 3.38557 0.34582 1.31851 4.64439 2.72288 4.40943 0.94126 0.67929 1.00604 0.81947 3.28579 2.03313 2.66812 2.91195 0.35890 2.93848 4.11964 3.85137 2.17849 0.20868 0.38626 4.16624 3.50351 2.02581 3.15402 2.94173 4.52802 1.74805 4.99153 2.90605 3.70110 4.17336 2.99796 1.73516 3.24359 2.72471 1.53497 1.32757 3.77313 2.69076 2.34171 4.95658 2.90339 1.58474 3.08486 1.50042 3.64192 3.13047 2.96796 1.05311 3.71170 4.49883 2.20237 0.31950 1.61107 4.48964 3.04036 2.25076 3.79958 1.06373 3.38149 1.35127 0.05597 4.29955 3.20679 0.21995 2.95060 2.68954 2.87040 3.92933 2.86577 3.05644 0.51156 1.31072 1.89210 4.00167 1.04666 1.63632 3.74114 3.08101 2.69338 4.36603 0.00890 0.11112 0.17957 4.87249 1.37070 3.55913 4.43566 1.45101 0.70783 4.66237 1.98056 0.55629 4.58460 2.21257 2.53077 
4.55479 4.65448 1.94113 2.92573 1.82533 4.17019 2.53030 0.15854 2.84416 3.51969 0.22353 2.27829 4.77499 2.44606 2.69031 0.15489 4.81593 1.12802 2.81489 4.77595 3.72199 3.34348 2.07429 3.15254 4.83634 4.93504 4.58014 1.21507 2.19457 0.26011 4.64822 2.64475 3.56342 0.76532 4.25576 2.41170 3.30194 1.63254 4.53627 0.00357 1.66636 0.76608 0.09145 2.86129 1.13326 4.79687 0.20762 3.69316 4.75987 3.23486 4.29395 3.78253 4.95549 0.17151 1.07229 1.13088 2.05996 4.80313 4.00579 1.92158 3.39614 1.55943 2.87144 3.87412 2.64485 0.34542 0.17954 2.24853 0.47199 4.66535 2.69260 0.61213 1.88602 3.54227 4.67271 2.69050 4.21474 2.78369 4.71825 0.27951 2.33776 1.40065 4.36930 1.02270 1.69613 3.75478 0.75089 4.97579 4.00364 2.19347 4.77223 3.04801 3.71339 0.70954 0.14853 4.27522 3.43438 3.21743 4.30447 2.23547 3.25963 0.82710 2.05171 3.94139 4.55408 2.48905 4.50704 4.05941 4.17486 1.31505 3.68625 3.02336 1.46013 1.99888 0.42853 3.38349 0.04964 0.08873 2.08567 3.80291 4.69746 4.42683 4.76329 0.36775 3.53665 0.17370 2.79310 4.08720 2.66842 0.28450 3.71464 4.54168 2.71452 1.68473 2.97434 0.89670 3.90733 3.29546 2.13448 2.88277 4.04398 3.34494 2.90223 3.68497 3.92226 3.45022 0.22212 0.96743 0.75788 1.90038 3.95708 3.84538 2.18638 4.57985 3.95298 1.52007 1.23501 2.45811 3.12852 0.40908 0.64751 1.48096 1.45161 1.97588 4.02147 0.73003 3.50157 4.51902 4.81677 0.59402 2.72371 1.99468 4.68423 4.39997 2.36251 2.47723 2.09597 2.98838 0.51841 3.21511 4.60799 0.34831 3.37034 3.90513 4.50811 3.93939 0.60448 1.92271 3.17973 2.26596 1.70491 2.83159 4.40665 4.69645 0.41348 0.72026 2.54429 4.26900 1.22511 0.32874 
3.22558 0.27761 3.75778 0.22788 3.35401 4.30708 4.92076 0.93824 3.86835 4.55927 4.61528 2.61071 2.84112 2.69031 2.05654 4.13582 0.82760 2.73506 3.26015 0.48534 0.44887 2.65267 3.20348 0.86750 1.87178 1.37540 4.73600 3.22650 4.60111 3.71415 2.87814 0.02333 4.20722 0.15721 1.28709 3.28040 4.06683 0.10421 3.71769 3.39143 4.61725 0.66206 3.01419 0.06526 0.33335 0.82956 3.02991 1.78201 0.12696 2.25875 0.47880 1.86984 3.90922 2.37547 2.67327 4.51076 2.00420 4.82340 3.32496 2.17218 4.76689 2.70610 4.58171 2.66778 2.65237 0.32683 0.58081 2.07650 4.57183 0.33737 2.42365 0.40406 0.32446 0.82281 4.36267 1.23725 1.33316 1.67266 1.45230 1.81172 3.66269 4.06725 4.09947 0.24966 1.13900 1.37881 4.07797 0.10057 0.29995 3.72597 0.19763 1.37750 3.32428 1.69789 3.07287 0.68062 1.14655 3.88715 4.27399 1.66197 4.75970 2.23974 2.60517 0.44856 4.53010 2.38519 2.69901 2.90943 0.94755 1.98085 4.49131 2.04630 2.05608 4.26322 1.21287 1.79119 1.26335 4.90719 3.15427 4.11009 0.91372 0.55495 0.80372 0.30515 2.99197 4.98157 2.78048 1.56154 0.36386 3.44934 3.87054 2.14695 3.77260 4.89078 4.07895 3.80493 3.31484 1.81759 4.93220 4.11729 4.68902 1.33309 0.86379 3.29008 2.21751 1.02749 1.78985 3.55263 1.52006 2.44408 3.40492 2.27612 1.99197 2.94802 1.10160 2.90787 4.59953 0.32629 1.12136 1.78847 1.33613 1.05601 1.78627 1.04256 3.32587 3.54831 1.72820 3.70005 2.56049 1.59633 0.53749 2.46634 4.60879 0.90896 2.39000 4.58744 4.04337 4.81882 0.99969 0.78460 0.44337 3.72460 0.78268 3.51347 3.50751 0.41727 1.83458 0.85185 3.36196 4.39044 0.22040 0.17032 4.58153 3.42986 3.98934 0.68844 4.72968 3.99140 3.16519 4.88028 
0.60798 1.25459 0.93245 3.94982 1.22975 0.89016 0.47649 0.12664 4.36422 2.63681 3.95477 2.24130 1.39309 0.15489 4.13582 3.52880 1.02546 3.96741 4.04499 4.72168 1.29340 1.50467 2.79635 2.60126 1.79631 2.79789 2.60958 4.34843 4.53339 4.95639 1.27069 1.20744 2.40529 4.70172 3.24410 4.08007 1.04395 0.83768 1.76629 0.97140 1.69483 0.16035 0.30922 0.46146 2.89826 4.22575 0.87536 0.80346 4.65432 0.20733 1.09132 1.60695 4.44163 2.22524 3.97829 3.30348 2.96443 2.28352 3.58031 4.61669 4.78772 4.65896 4.82724 4.17432 0.18914 2.92320 0.36362 2.76658 0.10073 1.00270 4.87140 1.83539 3.07004 3.87195 0.19977 2.78909 1.75939 4.79586 2.45377 0.09545 0.79267 0.97562 4.91376 2.68471 2.30412 2.07701 4.10457 2.56881 1.54073 4.32602 3.61709 3.28189 1.40560 4.61750 3.03202 3.50066 0.13171 3.70015 3.89660 2.19805 3.96131 1.85560 3.56862 0.80487 2.03627 0.28797 0.53951 1.94487 1.82587 2.47023 4.76950 3.41167 2.62357 4.06821 1.56569 4.66830 4.61182 2.47542 1.57908 1.47258 1.04621 0.96169 3.82392 4.41701 3.45918 1.56543 2.98333 4.57664 0.78097 0.06904 1.17543 3.89256 4.66556 3.19534 3.34724 4.89463 3.47517 3.88205 2.33554 1.35030 2.59273 1.54294 0.70023 4.08680 4.41378 3.34780 2.77392 4.69235 3.32145 0.06526 4.07741 4.88497 1.61835 0.05952 0.68368 3.82191 2.11324 1.83661 1.15028 0.49117 1.31674 4.65065 0.92164 4.01317 3.85567 1.23507 2.28773 2.32285 0.28113 3.67586 2.99466 2.39163 1.31759 4.83013 2.87685 4.17849 0.32196 1.87756 4.62113 1.61664 1.22109 1.51701 2.20243 3.59767 2.04674 2.75671 1.13205 4.51172 2.84886 3.04154 4.43551 4.04619 3.84515 2.79354 2.99280 0.69722 3.14916 1.06439 0.31302 4.56937 
1.85324 0.72287 0.82736 0.70362 1.26178 0.55531 3.35568 0.74731 3.57060 0.05605 1.86722 4.36974 3.07611 4.81593 0.82760 1.02546 2.94574 3.49680 4.02437 1.24613 1.07440 0.82464 1.90449 1.72579 3.30444 0.69934 1.48213 0.00572 2.19573 4.28017 2.45621 1.93874 0.03146 2.16361 1.01048 0.50611 2.47224 2.32555 3.67941 0.88427 2.04077 2.61200 4.63324 0.31132 2.42215 1.31867 4.00611 0.17223 3.61500 4.75525 3.36270 0.25929 4.84229 3.68278 3.27488 0.37094 1.61867 0.75644 2.71413 4.28441 0.65316 0.79355 2.02840 3.37583 3.16405 0.83829 4.39798 1.41926 3.40867 3.70904 2.10569 1.22946 3.63639 4.41859 0.72873 0.13217 3.50278 3.55549 4.49418 2.76247 2.11909 4.24139 4.83702 1.37262 3.12967 3.54306 0.47016 3.84431 0.42431 0.46091 4.60081 0.56890 2.60990 3.65276 2.90101 1.60759 3.13114 4.53053 1.32185 0.35062 2.78166 2.00977 1.20839 2.74148 4.26045 2.05121 0.56507 4.95318 1.77467 3.83800 0.89902 0.83724 1.47485 4.44147 2.25166 4.10235 2.63342 4.67700 1.75803 2.81276 0.98203 1.40534 0.05039 3.67385 0.93734 4.23454 2.76953 4.64346 0.64079 4.69544 1.34733 2.57651 3.77725 0.84714 1.58023 1.98316 0.12210 3.59470 3.59057 0.11686 3.19073 4.02536 1.85395 1.77121 0.36096 3.87367 0.60457 0.56889 3.43327 3.97191 3.17841 1.59117 4.94988 4.71926 3.54755 1.79506 2.26801 2.27825 0.28059 4.37167 3.57138 2.27657 0.54609 2.54244 1.79342 2.22856 1.18251 2.00112 2.04401 3.99693 1.68241 3.47292 4.19692 0.27020 2.58705 2.56618 0.06563 4.94349 1.93272 0.07706 2.22131 2.24580 0.22142 2.21736 1.27739 0.56998 3.85924 1.36811 3.06202 3.92438 2.08586 4.11555 0.84329 0.25854 4.34373 1.65620 2.87471 0.21776 3.55621 3.51980 
0.17044 3.62699 3.63729 2.07977 2.79831 0.27849 3.22467 2.15471 2.52230 3.53386 1.61790 0.77100 2.06337 1.12802 2.73506 3.96741 3.49680 3.34270 2.07945 0.41697 3.76228 2.06632 1.22314 0.07091 4.83910 3.40714 1.81865 3.28658 0.74708 4.06667 0.89419 0.69678 3.39016 3.19730 3.30805 1.99449 4.60263 2.33367 0.71002 4.21251 1.67812 4.51312 2.48921 3.74608 4.38183 1.93200 1.18525 3.47469 2.24873 4.05666 4.44270 1.84402 2.92675 3.14332 3.44432 3.73865 1.54821 3.12685 0.82352 4.33336 0.69639 0.21536 1.36910 1.29468 1.77089 2.81495 4.75716 1.91803 2.19242 3.53816 2.02140 0.24999 0.37495 2.59066 1.27141 2.44449 0.13426 3.24737 3.14069 2.53769 4.80312 4.02200 3.76572 1.26480 4.84457 1.49787 1.52193 4.26650 2.95763 2.25504 0.85312 2.08926 1.27219 4.42525 4.98990 0.33795 3.14801 0.79528 3.14867 1.51782 3.70138 3.11853 3.50351 3.85318 0.55532 0.07843 1.22413 2.29996 3.47475 0.76422 1.64739 2.20676 0.73766 2.29590 4.00035 0.51408 2.99164 0.49004 0.39783 2.92264 4.34008 3.94924 1.30659 0.28056 4.83483 0.33625 0.58639 4.22573 0.96518 3.64761 0.20056 1.32658 3.12516 3.21273 3.92669 3.06210 4.11161 0.73394 1.91335 4.70624 0.10720 0.66245 4.81879 1.78207 3.19368 0.42756 4.96006 0.24603 4.52864 4.74463 2.40018 3.98258 2.91801 3.30532 0.04022 0.83364 4.59195 2.37557 2.47372 0.06852 4.71243 1.10790 3.84104 3.49710 2.12862 1.02078 3.01025 3.93784 4.47709 2.05457 1.75229 0.33177 1.17513 3.71890 4.89697 3.82072 0.65953 2.07693 3.80324 3.72409 3.31387 0.03596 1.48304 2.71080 1.54291 3.64126 3.84007 4.99393 3.98335 2.69821 1.25947 2.01458 0.68080 1.11885 4.07657 3.53156 3.45907 2.33223 2.70315 1.01502 
3.44697 4.66314 3.67116 3.53841 0.11659 1.38043 3.52183 3.09238 3.91089 1.80271 2.44298 3.12448 0.60590 2.81489 3.26015 4.04499 4.02437 2.07945 4.61184 0.98513 0.67126 4.74060 3.35953 4.95283 3.91321 4.49632 2.34429 1.48101 0.91100 4.61467 4.34184 3.58282 2.17314 1.40896 1.61296 4.75346 3.91398 1.57371 3.11675 1.66257 4.98272 3.76783 2.58009 4.90749 4.50447 2.26471 2.03527 1.71359 4.42171 2.07064 0.47705 2.84807 4.05703 2.39214 2.27738 3.05665 0.93058 1.40008 4.66474 3.26791 2.65961 1.28480 2.10773 2.25361 0.72353 1.03037 2.72893 0.64581 3.90328 4.82889 4.75423 4.34122 3.08511 4.79709 4.52004 4.66055 1.97009 0.60095 1.21229 1.85613 4.74434 4.70925 2.49757 0.99634 0.46168 1.51987 1.68110 2.11176 3.36855 1.28328 1.34558 1.11843 3.58735 0.10367 0.39755 1.18156 0.97434 0.86096 1.58842 4.23137 2.91389 4.46461 2.34950 0.56683 0.71403 2.73674 3.85466 1.29744 1.86844 4.50530 1.72203 4.58361 2.06331 2.26467 2.51276 4.68890 0.58110 2.38894 0.95867 3.08955 4.90963 0.24111 4.63300 2.77540 0.45594 0.24810 1.00412 0.29019 2.42060 3.76660 2.61827 1.50673 1.06705 0.26983 2.63595 1.01325 0.85774 4.47879 1.38994 4.84087 1.59040 2.74839 0.78960 1.02037 1.69351 1.51797 3.71560 2.68889 0.00286 1.43265 3.43453 2.63759 2.48807 3.83797 0.12147 3.90067 0.70653 2.51185 3.86883 1.22887 2.98700 4.50690 2.84536 2.69901 0.06951 3.88078 0.26549 1.81175 1.81258 3.45638 1.45479 4.88513 4.61345 4.90515 3.92549 3.41943 1.93834 4.73200 1.08008 0.08450 3.22377 3.76793 2.97136 1.65090 4.86055 4.67414 2.69383 3.27968 2.81019 4.61895 1.14917 2.21854 4.00976 3.61530 3.50566 2.88549 1.30330 0.17329 1.99810 0.20244 
2.37193 3.19875 4.20069 1.60802 1.76719 4.97855 2.43862 3.39726 3.93136 3.72429 3.87267 2.53866 4.01185 4.77595 0.48534 4.72168 1.24613 0.41697 0.98513 2.48218 0.61864 4.33528 3.66206 2.73693 2.10764 1.89347 1.15084 3.61250 3.50215 4.77689 0.83239 1.43684 1.58956 1.37253 1.12848 0.25891 4.89386 1.07468 1.87375 1.01292 0.54080 2.71205 3.30764 4.92549 4.34569 0.89151 4.58597 3.93502 0.78412 2.94230 3.72081 3.00874 1.59700 3.57213 4.20468 3.96182 3.05160 0.35430 3.35009 0.52193 1.92371 4.07737 3.52392 1.58787 0.94347 4.08539 2.81493 0.62495 1.13485 3.49704 3.22006 1.97521 1.31730 0.55290 4.53811 0.16711 0.18536 3.93725 4.82772 0.54460 2.26108 2.34624 0.41942 3.23630 2.56286 0.62157 1.10837 3.51509 2.75701 4.68522 0.72682 3.40069 1.57551 4.24578 2.87386 4.20151 4.37884 1.70535 2.12718 4.92723 4.41918 1.98227 2.67917 0.80614 4.88180 4.64054 4.52162 0.76676 0.43436 1.04310 4.18310 2.77375 1.34217 1.43969 2.62480 1.50607 2.27672 4.37935 1.38989 0.51852 1.58249 2.47524 4.03351 4.80494 0.81996 3.91977 4.43191 2.47688 1.97913 4.78065 0.86654 4.05987 2.48557 2.73329 3.03032 3.99199 2.39000 2.68785 1.92592 3.16581 1.35130 3.63733 0.27985 4.49374 4.86350 0.82677 1.72944 1.28376 2.82867 3.06813 2.94385 2.80211 1.99370 1.19616 1.69450 2.46393 0.91961 0.47925 0.01680 0.15270 3.27206 4.41810 2.21570 4.82345 2.06316 0.14110 3.91427 1.71939 3.55273 1.34821 2.37136 2.73181 0.36555 3.97667 3.28405 4.99284 1.79626 4.92945 1.51900 3.11897 1.57032 0.98811 3.09704 2.36199 0.58554 3.54942 4.09501 3.58798 1.46997 0.90344 1.37304 0.64198 2.51840 1.18935 0.52104 0.48792 3.58655 1.90455 2.62396 2.09301 
4.70464 2.17738 2.43779 2.04718 0.71619 3.45099 3.98649 4.59435 1.68693 1.66802 2.01446 2.27904 2.14582 3.72199 0.44887 1.29340 1.07440 3.76228 0.67126 0.61864 3.47269 1.33770 3.23756 4.48256 0.85581 4.68509 0.85570 4.68328 4.91246 0.98185 2.53464 4.43663 1.73812 2.63099 4.76022 3.96286 2.85830 2.98871 2.03044 2.63355 2.64888 0.61622 4.55035 4.93622 4.87978 4.83819 3.36004 0.43746 0.85239 2.76338 3.74260 4.74776 3.48500 3.98316 3.88023 3.51713 4.99513 2.53078 0.07696 0.82771 4.57969 0.07532 4.97049 4.66040 4.26807 1.65712 2.67776 4.38496 3.24777 1.91837 1.81576 0.02529 1.78213 2.81983 2.50577 0.77914 0.96532 2.28842 3.39383 1.39751 3.11726 4.34462 0.12964 1.35556 3.50175 1.69592 3.75816 2.65399 2.16230 3.94141 3.85309 0.78518 2.18468 2.75427 2.60630 3.16818 3.30186 2.23600 2.27474 4.81563 2.90915 0.06755 4.55505 4.33520 1.72565 0.81676 3.42834 0.60996 2.25720 1.45267 2.50496 2.74374 2.13704 3.62216 2.75423 0.52657 3.36042 4.87137 0.97036 4.77612 0.41967 4.75777 4.28599 0.27670 0.68587 1.66285 0.27528 2.57958 2.88444 0.25009 3.60187 3.88527 2.75494 0.54019 2.07125 0.41872 3.56398 0.81996 2.28657 0.77619 4.91515 3.34189 0.72020 3.39305 1.64766 2.48968 1.87647 4.60505 0.67619 2.71436 3.70337 2.38314 3.55740 1.72557 0.52044 4.17030 4.79481 3.74231 2.36702 4.87549 2.35292 1.86178 2.87801 3.84800 4.24676 1.04074 1.99603 1.00791 1.12519 2.75136 3.09841 4.51596 4.45982 4.97565 2.41866 2.77664 1.78722 0.94683 2.07617 0.85966 2.69818 0.49026 2.08866 1.85056 1.20402 3.22557 3.56295 2.28562 3.28650 4.47927 4.86561 2.84965 2.91697 1.94379 4.13027 2.40669 0.44095 2.77569 4.51980 4.26167 
1.02372 4.36327 4.50697 3.85097 4.16013 0.68043 3.21601 0.44739 3.28307 0.09854 2.43443 4.20561 4.02743 3.34348 2.65267 1.50467 0.82464 2.06632 4.74060 4.33528 1.33770 4.81227 1.52861 4.42402 1.20987 3.83506 0.59326 2.32496 3.39510 0.95955 1.39872 3.62941 4.56835 4.66959 0.70194 2.97031 4.89590 4.50354 1.74203 0.57335 2.71803 0.93864 1.70464 3.42296 4.39221 2.93053 4.87273 3.43189 2.68264 4.78824 4.53085 3.30192 4.77295 2.25077 1.34019 0.58111 4.40243 2.34912 3.66564 3.78755 2.45552 2.63919 1.56864 2.73265 1.49775 2.19172 0.69239 0.08274 4.75205 4.85882 0.56938 1.12891 0.18230 2.59974 1.44341 4.96715 2.10541 4.35501 0.18603 3.23772 3.82973 0.18722 4.42447 3.04102 0.53304 3.25302 0.40867 1.08293 1.09292 2.99475 2.20792 1.84225 0.09063 4.61776 3.52412 3.07457 2.27709 0.09196 4.17326 2.13861 4.54745 3.24147 2.25721 2.96123 1.87581 1.88623 3.31520 0.34609 0.75121 2.91386 0.60207 4.31731 4.79312 0.79173 1.83609 1.20551 3.35281 1.59865 3.74239 0.79900 4.79589 0.64822 4.89295 3.56092 1.65998 3.19171 1.31621 1.25551 1.16671 0.29563 4.17905 1.32693 0.39346 2.56807 1.29350 4.66576 3.36121 2.00836 2.98556 0.50622 0.03099 4.43854 4.90368 2.78576 3.71248 4.07217 2.01115 1.42425 0.24114 1.13154 1.37532 3.33840 4.87113 3.64717 0.46547 3.18524 1.63315 4.79153 4.73211 3.55461 1.72099 1.20173 4.94721 4.72130 1.67869 0.64282 3.52621 2.88390 1.96874 1.22510 4.16810 3.70640 0.19730 4.90588 3.18482 4.73212 0.46975 0.63075 0.84147 1.03735 3.24015 3.67318 4.59527 0.15576 4.62320 1.24753 2.95711 4.54573 1.55502 2.55231 1.66102 1.54456 1.84593 1.06262 0.22391 1.09825 1.07037 1.16663 4.82305 1.45787 
3.82712 1.12655 1.34447 3.51359 1.46904 4.14730 2.31981 1.38839 1.90812 4.59912 2.38480 1.04998 3.96930 2.07429 3.20348 2.79635 1.90449 1.22314 3.35953 3.66206 3.23756 1.52861 0.21796 0.42791 2.67735 1.26701 2.99756 1.66692 1.96065 0.94552 4.88143 4.27057 2.32141 0.30711 0.21769 1.25245 2.66033 2.87994 0.67045 4.45914 0.20218 3.26585 4.59298 0.32576 1.57330 4.05406 0.75117 2.86760 0.49565 0.66586 1.72273 0.31259 1.46960 0.05816 1.75912 0.35338 0.03247 4.35412 0.44991 3.36707 1.64080 4.23894 3.03539 4.81869 1.17989 0.78921 4.11671 0.15178 2.50361 1.36528 1.08364 2.76044 3.15420 1.25129 4.16627 1.63358 2.61293 2.97789 0.29661 3.23039 1.64664 0.20238 4.19250 1.36782 4.80571 4.78366 2.33395 0.92488 4.11165 4.29886 3.95100 1.05772 3.86594 1.87061 4.27226 1.20301 3.18816 0.36392 3.16173 4.26976 3.92629 4.96559 4.79402 4.19201 3.50329 0.96445 4.15735 1.06229 4.80320 0.43467 3.23350 2.78049 2.54198 1.10515 0.56129 4.94175 2.60014 3.23444 3.25606 0.22297 4.35737 3.95195 1.21582 2.99926 1.20767 0.56306 1.31126 2.28316 0.64333 2.42758 4.52232 0.30005 2.77890 4.53076 4.77098 1.32896 2.09424 1.98400 3.20517 0.59943 1.86571 4.77226 0.84010 0.55853 4.03657 2.84961 3.26518 2.24087 4.66352 1.55719 4.91086 0.58487 4.03242 2.57340 3.54962 0.65549 1.73162 1.61991 1.02069 2.93525 0.52770 1.74418 3.93359 2.22687 4.63091 2.62602 2.46924 0.63236 0.64546 2.34966 0.58068 3.41120 4.15268 2.92080 2.45187 4.91543 1.90984 4.35843 1.13117 3.90974 0.19958 0.96335 2.77498 4.33271 2.02666 1.75730 0.95180 3.37942 0.92392 3.64021 3.33279 2.89047 2.84390 4.45711 3.77377 2.63673 1.42861 4.47384 1.04554 2.67940 
0.93974 1.26336 4.73422 2.06638 3.19002 1.95336 3.06534 3.51716 2.13081 0.87449 1.56808 2.10146 3.02711 3.15254 0.86750 2.60126 1.72579 0.07091 4.95283 2.73693 4.48256 4.42402 0.42791 4.26861 2.19210 1.14416 2.56144 0.19249 1.59345 4.38618 3.41551 1.22628 0.78088 0.12079 1.93856 4.39463 1.21979 3.45528 1.63076 1.71463 4.89185 2.55185 4.29053 3.48085 0.33050 0.80330 0.82771 1.62579 4.76108 2.09878 3.34665 3.64123 2.11858 4.84487 0.77264 2.28913 2.14801 1.88474 2.17212 4.34853 4.83473 0.76155 4.24350 4.62170 3.18229 1.28068 2.13702 1.74539 3.61232 3.24728 2.97154 4.36389 2.65450 4.87734 4.84341 2.46188 0.91449 1.31540 1.21997 1.12508 0.73414 0.13382 2.84878 0.39542 4.31366 2.65628 0.42802 4.86741 4.06034 2.54187 3.52510 3.09133 0.41657 3.71144 1.61549 2.01529 3.64370 3.40019 4.67467 3.62503 0.88164 1.71326 3.79085 4.59414 2.04222 0.45392 0.58774 3.30587 0.64044 1.42833 1.43481 4.67385 1.82994 0.72202 3.07143 0.09791 4.63148 2.23810 2.24185 2.92088 1.46367 2.80885 3.60547 2.38396 2.58201 0.49252 2.69372 4.24750 3.27165 2.87609 0.18760 2.58753 1.63218 2.77981 3.71168 0.38717 1.43703 4.23735 0.61981 0.21071 3.88615 2.87037 1.58853 3.72274 0.53010 0.23010 2.95645 4.04653 0.29598 3.61286 0.63670 3.84681 2.35477 3.61835 3.58612 3.68070 3.63649 4.98755 3.50533 3.14363 0.61814 3.28419 3.95159 0.91032 1.71338 0.85489 2.91706 0.14754 4.20653 0.37758 3.22533 2.37604 2.36166 4.67651 4.65444 4.55503 0.65672 1.41110 1.35309 0.52947 4.23783 3.63158 0.98618 0.54587 1.74824 0.01006 4.75381 1.03906 1.88687 1.10274 1.36499 0.50329 3.01073 2.15810 0.62161 0.87520 0.07379 4.46450 3.15178 4.31407 
