0.06448 3.81297 2.11709 0.57288 3.56726 1.14727 0.88923 4.06890 3.16539 3.90695 3.67755 4.36811 2.93051 0.20448 3.58581 3.76254 3.30189 1.58001 2.84999 4.59102 4.50094 2.77113 0.86639 1.24093 2.84850 0.10536 3.38829 4.76688 4.72523 0.58871 2.58258 2.94176 3.57815 2.76591 0.17887 4.95053 1.70559 1.82342 2.27702 3.36511 3.30580 3.40228 1.67946 0.84254 4.10152 1.47108 2.56797 2.71043 0.54372 4.99408 3.40786 1.24163 3.33291 3.20718 3.60278 0.67414 2.59764 1.10724 1.37792 3.55547 0.24858 1.36504 1.88803 1.63982 2.63555 3.71702 2.64669 0.65093 2.91749 2.97995 1.08652 0.75582 3.39472 0.99949 1.68436 3.54129 2.22436 4.99834 1.43475 4.81402 4.35749 0.17334 1.10783 3.27947 1.50688 0.81837 0.27912 1.41868 0.42280 3.36953 3.42906 1.95510 0.55900 3.30205 2.85514 4.66567 3.32782 3.80791 1.86090 1.87747 
3.81297 2.94249 3.27877 4.84135 0.44030 2.33284 0.26809 2.89610 3.86739 3.69871 3.34623 1.40771 4.48548 2.97290 4.95601 1.32916 0.07806 2.23302 1.46742 1.44831 1.59280 2.00034 3.38814 4.62608 3.91842 2.35636 2.46045 0.43920 4.62480 2.99574 4.84218 3.06359 4.46173 3.21142 2.98345 0.89405 2.59001 0.50785 3.25584 4.85763 0.18839 1.08541 2.02746 0.70421 2.66099 0.99847 1.19475 1.57934 2.03376 2.91721 4.24784 1.74425 1.85081 1.31463 3.65617 3.51781 3.49012 2.64330 2.68833 4.00014 0.04497 4.88755 4.02650 2.29003 0.94661 1.39525 0.58173 4.13431 2.22333 2.36718 1.46905 3.92148 0.54159 1.96099 3.94730 1.84048 4.00060 1.94068 2.38258 4.82488 3.54922 1.85250 2.64739 2.56079 1.06432 0.15475 3.34160 0.58999 0.72506 2.78483 2.41457 1.13875 4.69527 1.66430 4.10625 3.26389 2.09532 2.36417 4.11499 2.76367 
2.11709 3.27877 2.31845 0.96353 1.87258 1.84913 2.39006 1.30734 4.17549 0.12598 3.95140 0.82061 1.92327 3.07614 3.69279 1.57066 1.66863 4.04715 2.49186 0.83368 0.23445 0.11664 0.90714 2.35312 3.02419 3.97430 3.01831 0.25293 0.39576 0.79652 2.32606 2.05669 4.71477 4.63664 3.66464 1.97286 0.40921 4.03936 1.92943 4.93654 2.55014 0.84925 3.17391 4.38842 4.54629 3.72590 2.03359 1.35398 3.40643 3.91967 2.93674 4.63029 1.46346 2.89026 4.56904 0.25736 1.31580 0.36360 4.17589 0.54699 2.20296 3.19000 1.57253 1.75901 4.84636 1.66819 3.95174 4.68525 0.53866 4.88540 0.44545 1.45088 1.61369 2.65514 1.83181 1.43533 3.36628 1.14199 2.15244 1.40713 3.58256 0.59010 2.39319 3.45389 0.48237 2.33104 0.81264 0.65889 3.54109 2.56137 2.20774 0.45498 1.14865 1.14417 1.07026 0.29449 3.75936 4.80763 3.59792 2.46824 
0.57288 4.84135 0.96353 4.29607 2.76109 0.22236 0.23796 2.38085 4.61341 1.24489 0.70333 0.08711 1.01369 0.32849 1.18924 1.53731 3.11012 1.68082 2.23143 2.82566 1.47492 1.43026 1.17136 3.52626 0.82212 4.80373 4.79643 3.88031 0.66757 0.56860 1.62328 2.64532 2.07898 0.81581 0.20289 3.37002 2.13589 2.50206 3.00105 0.43864 4.47882 0.40534 3.89256 0.85034 4.95217 1.90173 4.40613 1.17811 0.43241 0.56729 4.51749 3.13385 3.34055 3.32675 0.84619 2.37559 4.44340 3.18922 0.54551 1.68033 2.49223 4.46865 0.35215 2.00242 2.18762 3.41681 1.19257 2.70013 0.31880 4.99394 1.32451 4.87842 0.64253 4.85733 1.26629 0.22838 2.84471 2.81117 3.16268 0.38520 2.48805 3.87934 3.82673 0.94835 2.17516 1.74221 0.44303 2.25695 2.75042 0.62377 0.92245 4.46892 0.49243 4.38681 2.65440 3.70709 1.19347 4.85374 1.04426 4.09410 
3.56726 0.44030 1.87258 2.76109 1.33120 1.43566 2.77441 2.55994 0.27500 0.43974 2.35361 0.86200 0.46292 3.80892 3.77534 1.37436 0.58038 3.10202 3.18916 2.77580 3.07939 1.77565 2.48550 1.76945 3.52209 2.01312 0.83246 1.70144 1.60732 0.64425 0.09999 0.29279 4.75053 2.00173 1.02263 2.36442 4.40856 0.70463 3.03432 0.20746 1.16019 4.39240 4.24973 1.24256 4.82481 4.84995 1.74484 4.51660 4.59518 0.96628 0.42797 2.92197 2.51093 0.70934 3.60204 0.39297 1.35856 2.13441 1.15244 2.66032 4.76747 0.18209 3.89582 3.93574 3.41274 2.17745 3.37673 1.48446 4.63114 2.98019 1.57623 1.83787 4.72129 1.32535 0.01399 4.13861 4.81083 2.15769 3.38902 3.11495 4.52738 1.52483 1.66008 0.59519 2.16717 3.63395 1.65190 4.51988 3.49000 4.97473 4.36526 3.64149 1.32532 3.40234 2.03611 2.64768 3.50643 1.89658 1.13931 3.26416 
1.14727 2.33284 1.84913 0.22236 1.43566 3.18351 0.45676 3.36664 4.02086 2.73775 1.55163 4.66546 3.16712 4.53370 0.46538 1.63583 1.63827 3.82406 3.21617 0.51929 0.77929 3.74664 4.87450 0.13632 2.56869 0.52694 1.68295 4.04172 4.53530 4.48956 2.43470 1.86301 1.17570 1.06899 4.86952 4.89885 1.04530 4.74299 0.10758 4.10777 1.47112 0.25375 4.28313 1.27627 0.00918 1.96228 2.93323 3.47649 4.91204 2.04390 2.41709 0.60209 1.37610 2.08950 2.71707 2.39482 1.67975 4.65189 4.63478 0.67019 2.30210 0.26333 3.32907 0.53734 4.10907 1.35408 1.73551 4.04421 0.91623 4.49706 0.99937 1.51403 0.47253 2.17813 3.18991 4.66254 4.77029 0.29927 1.24134 1.57881 0.76622 4.33310 4.98327 3.63621 4.11747 4.19680 4.93629 3.08672 3.49298 2.75250 0.11117 1.33387 3.84218 2.38647 4.67384 0.91944 3.69314 1.40314 4.03489 4.98193 
0.88923 0.26809 2.39006 0.23796 2.77441 0.45676 2.94611 2.28960 3.65768 0.12348 2.63446 1.07564 1.82267 0.17296 1.98513 4.61283 3.35840 2.56065 3.64020 0.21756 3.27829 0.87171 1.74681 1.62873 2.62362 4.45774 1.50771 1.99600 2.08994 0.73572 0.76038 3.78153 0.14007 0.36027 4.85021 3.18343 4.91972 3.82624 4.93880 1.39606 3.98310 2.14463 1.48005 3.64963 1.39853 0.07511 4.76692 1.22210 1.48619 4.42352 1.64462 4.21164 1.19086 0.19481 3.97018 3.78172 4.81642 4.89179 2.52439 0.34509 4.65075 1.07108 3.52517 2.00380 2.45127 4.90257 4.90748 4.79233 4.10267 1.06164 1.20615 4.42758 4.21815 1.83823 4.36648 3.41621 3.45017 0.03932 4.60121 2.33665 2.67984 0.64641 4.58042 0.74317 4.64034 1.46432 4.67689 4.54453 1.42777 2.24793 4.66849 4.51531 0.49331 3.24786 2.52225 1.19514 1.27914 1.39221 0.53202 2.22820 
4.06890 2.89610 1.30734 2.38085 2.55994 3.36664 2.28960 4.54416 0.67822 3.86090 3.86393 3.46506 0.93436 2.23739 2.06968 4.83814 3.22027 4.28431 3.44981 4.64389 3.43968 0.41475 0.89496 0.07053 2.57079 2.92964 4.83314 1.97713 4.48248 4.49632 2.87369 3.06885 1.95451 3.50270 3.04185 2.56496 4.99976 4.37277 4.22748 3.37785 1.27961 4.12909 4.71546 0.25428 2.58455 4.70722 2.03952 2.62650 4.43623 1.50621 0.98593 4.20412 3.65919 2.71402 3.46273 3.43178 3.71822 0.22421 3.50462 2.62167 0.05621 0.68299 0.77890 4.82496 2.07552 4.92570 4.23631 1.76684 4.65213 3.90957 2.66839 4.57432 1.66351 1.18197 1.81386 4.66375 1.34915 2.97761 2.73866 1.32179 1.94591 0.57800 2.70151 0.95515 4.88052 1.53394 2.82935 2.15135 2.42857 1.51867 4.14990 3.98855 0.62686 1.79226 0.86275 4.06358 3.95466 4.69570 2.94260 3.53271 
3.16539 3.86739 4.17549 4.61341 0.27500 4.02086 3.65768 0.67822 3.87436 0.00920 1.04082 0.84310 3.37504 0.98752 4.23187 2.48897 1.71982 3.08591 3.00323 4.97516 4.32305 4.80386 3.34029 3.58387 4.13339 0.26659 1.15555 2.59207 1.76875 2.53208 0.26539 2.30780 3.52661 0.62857 0.75314 2.91240 0.00584 3.79419 1.76603 0.29912 4.54167 2.68851 3.48284 2.27298 2.73257 2.68142 4.33193 3.96389 2.67717 1.98555 2.22368 1.64793 4.92857 1.99760 3.04219 1.36857 1.79624 0.94454 2.38709 0.49924 4.30043 0.81280 1.30361 1.34612 1.52487 2.67096 0.73842 3.90949 0.17168 4.30595 4.72655 2.31579 1.04156 1.58449 1.88344 4.21052 4.82633 4.95759 3.94366 4.53252 0.78356 3.95866 2.66734 2.74031 1.48046 0.64364 1.00620 3.35391 3.15089 0.50196 0.57821 1.93586 4.25238 3.07627 2.10260 2.64136 2.37614 1.08916 3.87308 2.70115 
3.90695 3.69871 0.12598 1.24489 0.43974 2.73775 0.12348 3.86090 0.00920 3.72960 4.33990 0.73606 1.59598 2.34612 3.63150 3.55177 1.87697 1.98959 4.97825 0.17033 0.17135 4.31106 4.86051 0.49235 4.68344 3.22128 4.20263 1.90715 2.70171 4.09748 0.49284 0.03157 2.20613 0.41555 1.31232 3.19433 1.53790 0.65304 0.84161 1.02492 4.35314 4.94575 2.34439 1.07969 2.29259 4.49447 0.44537 1.95280 4.22336 4.24261 2.30352 3.32412 4.76257 0.90458 1.69615 2.95302 0.49476 3.18331 1.06154 2.56639 3.71739 3.52947 2.76613 4.75461 0.26721 2.26079 0.16209 4.49201 1.52266 4.36452 4.35554 3.36365 0.77516 0.07648 3.31711 3.40085 0.00010 0.98539 2.91468 3.00930 4.52392 4.20908 0.34055 4.49046 2.01801 1.28014 0.02897 4.29660 3.69659 3.05142 2.62831 1.37639 4.05233 4.86882 3.59803 4.73226 1.12928 1.77917 3.06436 4.85621 
3.67755 3.34623 3.95140 0.70333 2.35361 1.55163 2.63446 3.86393 1.04082 4.33990 4.36203 3.85919 1.28908 4.79077 1.75856 3.21745 4.40945 4.69038 2.48223 3.58005 0.49900 4.47031 0.20781 4.00540 2.81219 0.22110 4.45396 1.45827 1.72133 2.85141 2.09802 3.12350 2.07098 2.97926 4.58191 4.26135 3.78122 1.51607 3.74387 3.54503 4.67149 0.04006 3.53949 0.51387 4.87544 1.81101 2.12740 3.50050 2.42548 0.77942 4.32544 1.01497 2.73413 0.84599 4.42904 1.60247 2.74514 1.85618 1.91665 1.03265 0.50725 1.80645 3.94009 4.86860 1.20141 0.69908 4.45941 2.93222 2.17115 0.62978 1.88050 0.50165 2.03493 1.51315 3.49407 2.70721 2.34907 3.34508 2.50276 1.13806 0.71536 4.83630 3.01817 3.12507 0.44445 1.40884 1.87478 4.16021 1.47773 1.97519 2.15863 4.97380 2.89708 1.18237 3.90424 3.58276 3.00353 4.22830 3.84564 1.20161 
4.36811 1.40771 0.82061 0.08711 0.86200 4.66546 1.07564 3.46506 0.84310 0.73606 3.85919 0.18940 3.29129 0.49155 2.96957 2.06010 3.66454 2.15953 1.57850 1.95384 2.98383 1.18032 4.81531 2.96338 2.36730 3.95590 2.87692 4.16225 3.76140 1.31185 0.83472 0.18710 0.47686 0.96582 1.46800 1.91425 3.49381 1.48406 3.64245 2.30605 0.06790 1.81437 1.66053 4.78401 4.95096 0.06544 3.37760 2.73103 1.88450 4.30439 4.07171 4.03333 1.18387 4.62125 2.92994 1.37045 0.22132 1.87191 3.81212 2.25410 0.47027 2.37160 2.55810 1.43606 2.78789 4.33547 3.29135 1.16398 0.60328 4.22029 3.85561 2.09979 2.22153 1.93352 4.00674 2.34686 3.14644 1.46813 4.21643 0.60431 4.02526 3.17269 0.76456 3.70307 4.90454 4.05636 1.17958 1.73121 2.09845 1.19395 0.40086 1.25427 1.26662 4.07295 1.29091 3.23934 2.70066 0.20474 0.21895 1.73412 
2.93051 4.48548 1.92327 1.01369 0.46292 3.16712 1.82267 0.93436 3.37504 1.59598 1.28908 3.29129 4.26626 3.29910 0.41051 2.99951 0.64351 3.02216 4.04094 1.08814 2.17382 3.77283 1.71497 2.07271 2.74067 2.92556 0.98284 2.60486 2.18633 0.70354 3.99689 2.90554 3.06246 2.82656 3.80560 0.90514 3.31302 2.58383 1.24732 3.14948 2.33978 2.23023 4.96931 4.42793 2.86786 4.01371 4.92210 3.35021 4.94084 2.58329 4.32302 4.36775 2.07519 2.57800 2.73926 0.89832 1.20468 4.38354 2.69982 2.24307 4.17066 2.09849 2.33232 3.18474 0.55716 4.85927 0.55493 1.40468 2.03679 0.72078 4.59287 4.86218 1.75761 3.11817 0.18385 4.82895 1.85083 3.58922 0.07610 2.47808 0.82894 0.41238 3.98849 2.48379 4.44266 1.31372 2.41414 4.51513 4.70885 1.56973 4.72092 1.40307 2.06113 2.03868 0.28450 1.05217 4.42675 4.70052 1.62762 0.36095 
0.20448 2.97290 3.07614 0.32849 3.80892 4.53370 0.17296 2.23739 0.98752 2.34612 4.79077 0.49155 3.29910 0.02962 1.68697 4.11491 4.84123 0.65865 0.00542 3.94156 3.69789 0.33493 3.87076 0.37074 4.58588 1.84148 4.88172 0.22508 0.41809 2.53872 3.03622 4.96746 1.60126 0.63862 1.55365 3.65339 0.15156 1.52610 1.64068 3.07828 2.83840 3.43996 0.13737 4.44675 1.95365 1.51368 4.54838 0.36573 1.46294 4.75282 4.39131 1.30889 0.20149 1.42781 1.37491 0.45613 0.79288 3.79400 4.40048 3.90951 4.03878 3.23308 0.21078 0.29705 3.42062 4.32863 0.09600 3.16126 2.91903 2.04271 4.01070 3.89048 4.77098 0.81819 1.82105 0.28407 0.80262 4.87418 3.94829 0.77828 4.18008 4.23769 4.12015 4.42467 0.47355 3.72719 2.20441 3.57132 1.81937 4.50145 1.55067 1.90434 2.25979 3.25582 4.98286 3.76027 1.43421 3.29687 0.59401 3.00541 
3.58581 4.95601 3.69279 1.18924 3.77534 0.46538 1.98513 2.06968 4.23187 3.63150 1.75856 2.96957 0.41051 1.68697 3.16423 3.68238 0.02843 2.02323 1.91863 1.26754 4.67821 4.57445 3.04350 0.75819 1.56012 3.25458 0.20546 1.90961 4.91465 3.62031 4.00782 1.51454 4.32611 2.57898 3.81564 1.24971 2.39879 3.51511 2.65753 2.26703 2.43753 1.68627 3.68079 2.35771 3.82782 0.36880 2.12062 3.83755 2.74418 4.92503 1.53003 2.01467 0.74798 2.64055 2.11032 3.24001 1.77849 1.72681 1.21487 3.40368 3.96001 2.07509 0.38305 1.14005 4.71232 1.09776 4.83554 3.52090 3.48328 3.60749 3.04450 0.24285 4.34720 0.11087 2.42729 2.11391 1.00739 0.96683 4.12494 1.38999 2.88928 1.55938 3.26715 0.34667 0.94486 3.32759 1.72514 1.55289 4.14852 1.19101 2.56972 2.06272 3.03889 1.50662 3.82003 1.09916 3.84524 2.23232 4.45456 3.47271 
3.76254 1.32916 1.57066 1.53731 1.37436 1.63583 4.61283 4.83814 2.48897 3.55177 3.21745 2.06010 2.99951 4.11491 3.68238 3.97775 4.88468 1.49996 1.67784 0.90759 4.23412 0.58855 3.32750 2.62038 2.44290 1.02774 0.82045 2.99975 4.62118 3.83307 0.15482 3.24730 3.04832 3.59479 4.88713 0.03354 4.71348 2.55909 0.93509 3.71702 1.39646 3.07066 3.30037 0.08490 2.40098 4.03240 1.67155 0.53005 1.82495 2.35764 4.10384 2.96202 1.10050 4.41675 4.66955 0.58072 2.54910 3.18595 3.75966 2.65329 4.10069 3.49435 4.98213 4.81213 2.73815 2.31452 2.75461 1.02094 4.90979 4.16138 4.40143 2.07980 4.25086 4.13900 3.02447 1.40020 2.76102 0.12012 0.57967 2.27700 3.77932 0.65046 3.42523 2.21397 3.00177 4.96023 1.34885 1.17796 4.61205 4.53751 0.48086 2.31955 4.69518 1.99793 0.07499 0.51477 0.22035 4.97880 3.41976 1.56641 
3.30189 0.07806 1.66863 3.11012 0.58038 1.63827 3.35840 3.22027 1.71982 1.87697 4.40945 3.66454 0.64351 4.84123 0.02843 4.88468 2.39647 1.82546 1.93030 0.51944 4.39674 3.33446 0.07528 1.96330 0.73171 3.51185 3.29612 3.53502 4.72940 2.51230 3.57052 1.92788 4.10253 0.79199 2.11956 1.32748 2.78391 4.25804 3.83363 3.32360 4.56824 1.38257 0.93857 0.41518 0.48154 2.99906 2.89690 3.37638 3.71538 0.77137 1.46274 4.07311 2.81275 3.15697 3.62165 1.10735 4.11492 1.44090 0.05169 1.66649 2.20537 4.03680 2.96043 0.61830 2.78835 4.50760 2.16767 0.62135 4.57856 2.49947 3.11916 1.42279 2.95677 3.18479 0.89616 3.64961 1.35722 3.62855 2.01395 4.02881 1.23071 1.31052 4.92573 3.81169 0.49552 3.51409 3.23097 2.14739 0.31341 0.42058 4.95771 2.62187 2.86418 1.09319 0.29233 1.22729 2.23661 0.49269 4.37641 1.68010 
1.58001 2.23302 4.04715 1.68082 3.10202 3.82406 2.56065 4.28431 3.08591 1.98959 4.69038 2.15953 3.02216 0.65865 2.02323 1.49996 1.82546 3.19291 2.71078 0.40695 1.49686 4.12556 2.53940 0.15247 1.24817 2.12754 3.69411 4.04263 2.33221 2.49862 0.68545 3.37455 4.77941 2.86103 0.77034 3.59406 3.56459 3.14677 2.22939 0.50876 1.65766 2.22784 2.59912 2.14112 3.29009 1.71001 1.45998 1.47061 1.30520 2.11335 3.04074 1.79290 0.85125 0.16961 1.67451 3.86079 0.37811 2.52315 3.03512 0.39503 2.92297 1.60955 4.92914 4.26403 0.98421 2.68120 2.12837 0.44146 0.05380 4.76506 0.54085 2.33927 1.73008 1.08185 4.75060 4.87649 0.58907 1.07271 1.25583 1.53986 4.93232 4.50744 4.32268 1.09878 3.63382 0.16403 0.30106 1.69405 2.51291 4.64129 0.14937 1.88652 2.60096 0.00325 3.24377 3.34878 4.93897 4.05557 2.84232 0.15109 
2.84999 1.46742 2.49186 2.23143 3.18916 3.21617 3.64020 3.44981 3.00323 4.97825 2.48223 1.57850 4.04094 0.00542 1.91863 1.67784 1.93030 2.71078 0.93430 0.16001 0.69781 1.73410 2.06455 1.03390 3.70885 3.39656 1.79600 1.02909 1.43631 4.44072 1.88541 4.90063 2.14127 3.51315 3.86475 3.16162 0.39696 1.41982 3.02722 0.27195 2.54598 3.06521 0.90340 4.25632 2.39914 3.71222 4.25338 4.91821 3.76306 0.54741 3.42392 1.77402 0.13131 3.39294 4.40101 1.73258 4.24432 4.17801 1.60255 1.58527 4.11280 1.57767 3.93156 0.63825 0.48140 1.67366 4.57979 2.53817 2.88566 3.97918 4.71745 1.13427 4.30539 2.10765 2.41705 3.34258 3.65047 4.42460 2.77672 0.57969 1.71562 0.39187 3.27636 1.70666 1.92396 0.94866 4.41492 2.24638 1.83764 0.14254 4.83910 1.23316 3.56717 1.56313 4.63656 0.63262 4.45901 1.69076 0.58671 4.18529 
4.59102 1.44831 0.83368 2.82566 2.77580 0.51929 0.21756 4.64389 4.97516 0.17033 3.58005 1.95384 1.08814 3.94156 1.26754 0.90759 0.51944 0.40695 0.16001 3.70934 2.56952 2.74825 4.52301 3.34635 3.78110 3.32863 2.86594 4.67586 1.32987 3.79136 0.80429 0.20851 0.06488 0.28188 4.01894 4.01785 2.73954 0.81412 4.10271 0.73763 4.83976 1.08184 4.35728 4.13643 4.25624 2.02136 3.89526 4.63397 1.61282 2.33515 1.05103 1.79657 3.23126 3.52473 1.86527 0.89995 2.97204 4.71356 3.76605 4.03322 2.46152 2.75705 2.92232 2.97517 0.93910 1.13118 4.63516 1.56701 0.33546 4.61142 3.48722 0.47635 3.44650 2.24811 4.36415 1.86693 0.68069 2.01922 0.35434 0.40507 4.83265 3.39962 1.52805 1.42450 4.43843 4.99046 2.68727 0.69069 1.28123 0.06298 2.99652 0.63671 0.58726 2.10599 3.47764 2.84739 0.94417 2.14263 1.34251 4.93438 
4.50094 1.59280 0.23445 1.47492 3.07939 0.77929 3.27829 3.43968 4.32305 0.17135 0.49900 2.98383 2.17382 3.69789 4.67821 4.23412 4.39674 1.49686 0.69781 2.56952 2.31793 1.07301 0.10316 3.34119 3.08249 0.68008 0.03439 2.43811 1.32129 0.23369 1.45723 4.98692 0.93544 4.07589 4.18953 1.47568 3.19319 0.85124 1.49136 0.32455 4.18513 4.54899 3.67585 0.75279 0.38263 0.58872 0.91028 3.46079 3.82285 4.35271 1.38822 0.83332 0.81405 1.84266 0.19096 0.30395 4.94252 0.21667 2.59746 2.85575 0.29964 4.49737 3.05826 4.46898 1.48809 3.59057 1.37265 4.08925 0.12428 1.22471 0.04318 2.38415 1.26364 3.52830 2.21098 0.01573 2.73354 4.67069 1.77423 1.29235 4.57855 3.46984 4.17442 4.11367 3.28443 4.74163 1.20794 2.90702 0.74489 2.75373 1.02901 4.41480 2.92852 0.73139 3.09154 3.45654 3.26997 3.42407 4.10982 0.20680 
2.77113 2.00034 0.11664 1.43026 1.77565 3.74664 0.87171 0.41475 4.80386 4.31106 4.47031 1.18032 3.77283 0.33493 4.57445 0.58855 3.33446 4.12556 1.73410 2.74825 1.07301 1.08927 2.21563 2.56889 2.73084 1.99439 2.78401 4.89351 2.96267 3.66770 4.47976 2.99045 0.52991 3.61430 2.19140 1.55067 2.69228 2.06491 3.74443 0.66820 3.60650 0.99638 2.79259 3.07102 4.43168 4.14530 4.60578 1.52906 4.79384 1.44504 4.24673 0.90748 4.51269 2.78088 1.91709 1.36271 3.51398 4.61334 3.00577 1.46861 2.58821 0.41491 1.80432 2.63494 3.27376 2.06307 2.38403 3.20412 3.12817 4.16227 1.63035 1.64263 2.07244 2.57358 2.47678 4.47441 4.24616 0.32424 1.50052 0.12386 0.86906 0.17541 3.96836 2.87263 2.26891 4.83706 0.33733 0.30444 3.38707 0.54182 1.00821 3.17652 2.41856 2.09637 2.64234 1.76204 2.57024 0.80958 4.62727 4.64732 
0.86639 3.38814 0.90714 1.17136 2.48550 4.87450 1.74681 0.89496 3.34029 4.86051 0.20781 4.81531 1.71497 3.87076 3.04350 3.32750 0.07528 2.53940 2.06455 4.52301 0.10316 2.21563 4.34212 3.80384 2.81074 2.41911 4.94606 3.12059 4.61713 3.96445 0.99274 1.96768 2.26741 4.43837 4.00153 3.17635 4.40090 2.68694 0.54451 0.95507 0.75253 3.78731 2.43103 1.87994 0.18761 2.76674 3.60519 2.54275 1.80107 4.76286 0.77736 0.70339 2.62046 0.30374 1.98085 0.24097 3.83213 2.82285 1.55402 4.76320 1.20505 1.42879 0.64159 4.77612 2.29275 0.65794 3.41081 1.71259 4.03454 4.92859 1.33951 1.50938 4.98521 3.55582 4.28451 4.46648 2.71689 3.98490 4.53801 2.74132 2.04764 0.75883 0.76248 1.46355 4.95288 4.19083 0.92573 3.30644 4.05504 4.69687 3.07968 4.63943 4.91422 1.82812 4.80897 1.59722 1.36076 4.68948 1.26791 2.53613 
1.24093 4.62608 2.35312 3.52626 1.76945 0.13632 1.62873 0.07053 3.58387 0.49235 4.00540 2.96338 2.07271 0.37074 0.75819 2.62038 1.96330 0.15247 1.03390 3.34635 3.34119 2.56889 3.80384 4.42698 0.24175 4.10336 0.17359 0.10849 0.95389 2.98115 4.00511 0.97886 3.03225 0.47810 0.41183 0.31035 3.53048 2.43198 1.77451 1.73723 0.70089 3.44598 4.22577 4.00866 4.04270 2.69149 4.74644 1.09042 2.32947 3.83728 2.75375 1.81777 1.04530 0.32847 3.26545 2.70602 0.85365 0.14795 2.04615 4.07618 2.08302 1.99394 2.75705 0.73778 4.49783 0.70996 4.21143 3.43076 2.48132 2.09302 3.07356 3.60635 2.97949 0.49646 4.18245 3.92128 2.32115 4.12830 3.60398 2.72975 0.16226 3.64451 2.25037 2.53726 4.01206 0.64800 2.70602 2.68549 4.93938 1.45512 0.78004 2.77853 3.37077 2.98663 4.30016 3.54915 4.26326 0.71329 0.06842 0.96664 
2.84850 3.91842 3.02419 0.82212 3.52209 2.56869 2.62362 2.57079 4.13339 4.68344 2.81219 2.36730 2.74067 4.58588 1.56012 2.44290 0.73171 1.24817 3.70885 3.78110 3.08249 2.73084 2.81074 0.24175 2.13692 2.14725 4.52958 0.57324 1.40156 3.65997 3.13703 4.92646 4.41331 1.24176 2.23406 0.94509 3.69689 3.84333 2.35938 1.18561 3.60495 2.87920 3.61236 2.09432 2.33435 1.37873 2.21635 1.02387 0.04922 1.77207 3.85437 0.90783 1.88024 1.85431 2.14494 2.54557 2.67905 3.61663 1.71326 3.25436 4.64516 0.23400 1.40019 0.44507 0.74163 0.99573 1.95719 3.42083 4.24607 4.62966 4.08532 2.28867 3.80691 0.65120 0.39143 3.41908 4.09433 4.74123 2.02175 4.94597 0.04371 3.97770 1.67359 2.63443 4.92067 1.09660 0.92852 2.26944 4.01515 4.00124 1.45869 3.95621 0.86292 3.96219 1.45964 0.24303 1.05125 2.42277 1.50494 3.35587 
0.10536 2.35636 3.97430 4.80373 2.01312 0.52694 4.45774 2.92964 0.26659 3.22128 0.22110 3.95590 2.92556 1.84148 3.25458 1.02774 3.51185 2.12754 3.39656 3.32863 0.68008 1.99439 2.41911 4.10336 2.14725 1.08877 4.94079 1.00854 3.59910 0.59314 4.53092 4.24739 0.85960 3.40324 4.82482 4.82991 3.33722 0.77172 2.91798 2.00396 1.99995 2.79943 3.23149 0.95261 2.66963 0.88277 2.96914 0.41639 0.12517 1.45107 3.91013 2.56100 4.66485 2.35141 4.03758 0.94889 1.39500 2.21682 4.38298 4.00763 3.26447 2.24066 0.06645 3.26789 0.89805 0.32851 4.75704 2.38674 0.40753 1.35185 2.17391 0.10858 0.08874 2.56980 3.12795 0.64595 0.71307 1.48926 3.37823 4.79769 2.66068 4.91622 3.98582 0.54249 1.54300 3.51705 2.20752 4.94610 3.04840 3.30419 1.42871 4.36074 0.29619 4.42308 2.41242 4.95160 3.98116 2.92418 0.79101 3.19964 
3.38829 2.46045 3.01831 4.79643 0.83246 1.68295 1.50771 4.83314 1.15555 4.20263 4.45396 2.87692 0.98284 4.88172 0.20546 0.82045 3.29612 3.69411 1.79600 2.86594 0.03439 2.78401 4.94606 0.17359 4.52958 4.94079 2.46912 2.72298 0.37957 4.85858 1.89975 4.19162 0.50204 1.81090 3.35902 2.18666 0.13016 3.81058 1.59161 3.33969 0.60459 0.42363 3.28296 4.05055 2.98018 2.80084 4.09956 2.39893 0.38333 2.72590 0.83919 2.59052 0.03746 3.67731 4.81584 2.18159 4.98010 1.19058 1.04695 3.17366 0.71564 4.39060 1.68599 2.77197 4.70589 1.23059 0.16663 0.68162 4.35632 4.28692 1.61603 3.93960 0.99860 4.24779 1.62421 4.50365 4.86795 2.84280 1.50142 2.83772 4.62128 1.50011 2.74237 4.13466 0.01361 0.61432 3.77795 3.32774 4.74719 0.85313 4.91507 1.78154 2.61002 2.33075 0.03235 0.27863 2.03618 1.90511 0.45330 0.28061 
4.76688 0.43920 0.25293 3.88031 1.70144 4.04172 1.99600 1.97713 2.59207 1.90715 1.45827 4.16225 2.60486 0.22508 1.90961 2.99975 3.53502 4.04263 1.02909 4.67586 2.43811 4.89351 3.12059 0.10849 0.57324 1.00854 2.72298 0.43577 4.00109 0.00412 3.23056 4.67086 1.67864 2.57681 1.05950 0.08960 3.62175 2.26077 1.88312 3.59193 3.05745 0.92986 2.83898 2.38788 3.57429 1.93452 0.97134 1.84847 1.41336 3.55864 2.26300 3.14546 2.08487 0.17166 4.22611 3.06219 1.41647 2.50383 2.67016 3.34523 1.18004 4.36449 1.28098 0.49373 0.85056 4.03392 1.77489 1.76894 4.41850 2.81102 2.58348 1.09481 1.36605 1.07304 3.11416 1.13570 4.30447 2.17908 0.59650 3.23171 2.49468 4.56179 4.73301 0.67421 1.69530 1.03907 0.83440 2.47337 4.92257 2.33031 1.73238 3.84119 2.70468 2.77371 3.56816 1.95202 1.97286 3.56000 1.98261 4.59051 
4.72523 4.62480 0.39576 0.66757 1.60732 4.53530 2.08994 4.48248 1.76875 2.70171 1.72133 3.76140 2.18633 0.41809 4.91465 4.62118 4.72940 2.33221 1.43631 1.32987 1.32129 2.96267 4.61713 0.95389 1.40156 3.59910 0.37957 4.00109 2.57235 1.37313 1.35546 2.32448 4.48397 4.06335 1.51857 4.19652 0.72237 3.98037 3.90402 1.28910 3.78656 2.42127 2.87502 3.13968 1.76396 4.56464 0.16035 3.94640 0.28000 4.48288 0.89555 3.97389 3.50281 3.76913 2.93088 3.03061 1.18803 3.85487 1.35398 1.41222 0.12494 0.80493 3.78926 2.18487 0.43395 3.78589 3.06401 0.09137 1.59180 4.24431 0.50045 1.00465 1.21718 1.28584 4.02108 3.60519 3.94192 4.70426 0.70166 2.53187 2.79579 2.41112 1.51988 0.43351 4.63331 3.70500 4.11977 2.24655 2.18376 3.39347 0.12157 3.33517 2.28043 4.43864 1.17648 2.37319 3.95716 0.69376 4.80655 3.62251 
0.58871 2.99574 0.79652 0.56860 0.64425 4.48956 0.73572 4.49632 2.53208 4.09748 2.85141 1.31185 0.70354 2.53872 3.62031 3.83307 2.51230 2.49862 4.44072 3.79136 0.23369 3.66770 3.96445 2.98115 3.65997 0.59314 4.85858 0.00412 1.37313 1.14035 1.78928 3.43468 1.49607 2.12999 4.12146 4.64215 0.48970 2.48531 0.70890 0.97363 2.06041 2.10808 0.87640 4.81848 3.22821 2.56187 3.97188 3.44528 2.32574 3.05901 4.74147 1.96198 0.73032 0.18219 2.40673 0.26064 4.73333 1.64578 3.68327 4.22252 3.15503 1.11824 2.93460 1.08231 4.45119 1.96409 0.80229 3.74845 0.01060 1.37767 2.13200 0.55847 0.06836 3.69563 2.91487 4.81338 2.19437 2.12801 0.57925 1.02331 3.02415 0.94386 3.04661 1.03892 2.72238 0.50583 0.95604 3.71033 3.37885 2.95446 2.76982 4.86968 1.98055 2.79859 0.70237 2.87755 1.95897 4.93869 2.62739 1.70010 
2.58258 4.84218 2.32606 1.62328 0.09999 2.43470 0.76038 2.87369 0.26539 0.49284 2.09802 0.83472 3.99689 3.03622 4.00782 0.15482 3.57052 0.68545 1.88541 0.80429 1.45723 4.47976 0.99274 4.00511 3.13703 4.53092 1.89975 3.23056 1.35546 1.78928 3.33352 4.51874 3.07532 3.12732 2.74303 2.51630 3.85128 4.82685 3.83873 0.70356 3.60153 3.11850 4.59349 1.87336 2.20588 0.70628 2.63053 4.36866 2.25016 3.81506 3.08543 4.59081 0.06463 1.83355 1.26294 1.41913 0.13256 1.39289 1.23492 1.24128 0.76332 1.92783 0.92916 1.47955 3.17289 3.93489 2.38744 1.27444 4.86365 0.00773 1.01265 1.04259 3.98730 2.08518 4.39155 3.41521 1.20840 1.37152 1.86639 3.05554 2.16011 1.90378 1.45293 0.78464 1.55225 4.45889 2.06604 0.56525 2.21141 3.26635 3.74120 3.21986 1.11241 3.06385 1.63716 1.32404 2.81341 4.28679 4.90459 0.81710 
2.94176 3.06359 2.05669 2.64532 0.29279 1.86301 3.78153 3.06885 2.30780 0.03157 3.12350 0.18710 2.90554 4.96746 1.51454 3.24730 1.92788 3.37455 4.90063 0.20851 4.98692 2.99045 1.96768 0.97886 4.92646 4.24739 4.19162 4.67086 2.32448 3.43468 4.51874 3.59858 3.39301 2.91834 0.32265 0.23177 1.40599 4.13693 2.55139 3.15418 0.01907 4.78883 3.06116 3.54332 0.98596 2.33688 1.93626 2.16882 3.86631 3.96345 3.99454 3.91302 1.47644 1.20112 3.07898 3.10687 3.98293 3.93704 1.99701 0.10079 0.47951 4.80127 0.15927 4.33745 3.00456 2.94717 2.87750 2.41264 3.32812 0.30838 1.31371 4.44855 3.89400 2.01591 2.94870 2.51087 4.11542 3.04962 4.14352 1.68115 2.75407 2.73032 2.40264 1.85437 1.46470 1.00828 4.57975 4.92869 4.25357 1.92609 2.77848 2.05307 4.71303 0.21144 3.63791 0.21337 2.48097 1.84997 4.12120 1.08914 
3.57815 4.46173 4.71477 2.07898 4.75053 1.17570 0.14007 1.95451 3.52661 2.20613 2.07098 0.47686 3.06246 1.60126 4.32611 3.04832 4.10253 4.77941 2.14127 0.06488 0.93544 0.52991 2.26741 3.03225 4.41331 0.85960 0.50204 1.67864 4.48397 1.49607 3.07532 3.39301 1.59724 0.18865 2.67323 1.67250 0.84580 4.69384 4.52492 0.18298 0.97682 2.83087 2.10795 3.86654 4.98503 4.61719 2.63058 2.06347 3.60601 3.53014 1.24371 2.65527 2.49940 3.50438 2.30451 2.53958 0.47611 0.43907 2.69499 4.97893 2.74457 3.73940 3.16359 3.56440 1.78908 1.05291 4.18360 3.62864 3.83229 2.22296 0.83165 2.43288 0.19471 0.08791 2.91960 1.49340 2.45874 4.70585 1.81346 3.36092 4.52643 3.80621 3.56061 0.83087 0.17064 3.26672 4.65436 4.45637 4.90424 3.52059 4.78934 1.82468 2.20365 2.42429 1.61728 0.01109 1.73862 0.00160 1.87831 1.06313 
2.76591 3.21142 4.63664 0.81581 2.00173 1.06899 0.36027 3.50270 0.62857 0.41555 2.97926 0.96582 2.82656 0.63862 2.57898 3.59479 0.79199 2.86103 3.51315 0.28188 4.07589 3.61430 4.43837 0.47810 1.24176 3.40324 1.81090 2.57681 4.06335 2.12999 3.12732 2.91834 0.18865 2.08372 0.94077 3.45366 0.11882 4.86533 0.90520 3.22098 4.60267 1.76872 1.84725 3.97062 1.85464 4.76880 0.14068 2.70015 1.96386 3.22584 2.60171 1.00407 3.63994 0.61023 1.30677 1.93748 1.74842 2.98972 0.57612 1.09588 1.96034 4.56704 1.93795 1.92185 1.56322 1.42703 1.26192 1.64298 2.30449 3.81106 1.32366 2.24974 4.59001 3.14482 2.68141 1.53711 4.04795 0.30593 2.08972 3.22755 2.44968 4.22362 4.49779 4.34651 2.01927 4.48745 4.56424 1.38333 3.97532 0.73009 4.22739 1.90382 0.65396 1.80621 3.18988 2.51474 2.13069 1.27026 0.77535 0.75959 
0.17887 2.98345 3.66464 0.20289 1.02263 4.86952 4.85021 3.04185 0.75314 1.31232 4.58191 1.46800 3.80560 1.55365 3.81564 4.88713 2.11956 0.77034 3.86475 4.01894 4.18953 2.19140 4.00153 0.41183 2.23406 4.82482 3.35902 1.05950 1.51857 4.12146 2.74303 0.32265 2.67323 0.94077 4.96765 1.05746 0.88934 3.26038 1.58873 4.18087 2.23940 4.33666 1.06094 0.40149 0.34313 2.32309 2.41965 2.32475 0.55636 4.77776 2.50608 0.98577 0.59649 0.89679 0.92872 0.35545 0.10216 0.41739 2.75988 4.12090 3.27660 3.55254 1.93099 0.74710 0.79838 2.52854 2.69708 1.03302 4.97170 0.82481 2.65355 0.84733 3.62730 3.49598 1.46505 4.31852 1.00066 3.00552 2.01554 3.70421 2.71187 2.84990 3.12341 2.36010 0.88438 1.20132 0.25181 0.44269 3.27849 2.65736 0.95098 2.12865 2.31957 1.53870 2.71822 1.52160 3.88781 4.61348 0.87775 1.99155 
4.95053 0.89405 1.97286 3.37002 2.36442 4.89885 3.18343 2.56496 2.91240 3.19433 4.26135 1.91425 0.90514 3.65339 1.24971 0.03354 1.32748 3.59406 3.16162 4.01785 1.47568 1.55067 3.17635 0.31035 0.94509 4.82991 2.18666 0.08960 4.19652 4.64215 2.51630 0.23177 1.67250 3.45366 1.05746 3.35144 1.51180 3.24515 3.28922 4.29226 2.80056 0.23102 4.37563 1.74285 3.85935 1.58992 4.87354 2.15898 3.49029 2.87250 3.39162 1.24620 3.03030 1.38001 3.59290 2.68305 1.55288 1.84708 4.81728 1.59814 2.25134 4.43587 4.75307 4.80816 2.00653 0.86434 0.15726 2.57783 0.44538 4.51547 3.90912 1.37052 4.99175 1.29004 2.85080 2.39630 2.76616 3.33227 1.41326 2.98675 2.98713 1.83787 3.08166 2.01731 1.31241 4.16422 0.34443 1.91762 0.39686 3.82032 3.06003 4.74958 3.66392 3.49334 4.72109 2.45679 2.73469 0.64303 2.09243 4.59551 
1.70559 2.59001 0.40921 2.13589 4.40856 1.04530 4.91972 4.99976 0.00584 1.53790 3.78122 3.49381 3.31302 0.15156 2.39879 4.71348 2.78391 3.56459 0.39696 2.73954 3.19319 2.69228 4.40090 3.53048 3.69689 3.33722 0.13016 3.62175 0.72237 0.48970 3.85128 1.40599 0.84580 0.11882 0.88934 1.51180 1.24213 3.89377 0.23542 3.61751 0.50536 1.20825 0.23295 2.39357 2.13965 1.82089 4.61548 3.01989 1.54153 3.03078 0.81823 0.74922 3.98587 2.04475 4.12119 2.91775 4.99269 2.16370 0.72842 2.11378 1.61987 1.21822 1.61069 0.24622 0.38248 3.48152 2.78778 4.14096 1.82736 1.47354 0.07561 2.41997 1.15164 1.47448 2.32100 2.62760 3.16476 1.00062 3.53669 4.36694 3.88596 3.47090 4.51521 4.92827 2.94154 2.27610 4.71607 4.94334 1.99246 4.12306 0.90270 0.72240 0.76103 4.98438 0.95773 2.44330 0.93119 2.06738 1.97552 2.40837 
1.82342 0.50785 4.03936 2.50206 0.70463 4.74299 3.82624 4.37277 3.79419 0.65304 1.51607 1.48406 2.58383 1.52610 3.51511 2.55909 4.25804 3.14677 1.41982 0.81412 0.85124 2.06491 2.68694 2.43198 3.84333 0.77172 3.81058 2.26077 3.98037 2.48531 4.82685 4.13693 4.69384 4.86533 3.26038 3.24515 3.89377 3.63021 4.70013 1.45483 4.39008 1.23657 1.90125 3.67075 4.20062 1.54057 0.08630 4.96067 1.17562 0.46905 2.00629 3.22421 2.21383 4.59503 0.70253 2.80956 1.40133 0.92649 1.29215 4.68001 2.43255 3.21012 4.51587 2.25436 3.96559 1.41433 0.63468 1.16496 4.48515 1.65767 3.85920 4.83950 3.04166 3.62473 2.63914 4.88930 1.56762 2.22716 0.89201 3.77154 2.09508 1.70689 1.37169 1.71907 0.69599 2.58762 3.58432 3.02344 2.00041 2.42431 1.87120 0.08016 2.70502 2.50700 0.86651 4.21468 1.13465 2.88964 2.57886 3.90091 
2.27702 3.25584 1.92943 3.00105 3.03432 0.10758 4.93880 4.22748 1.76603 0.84161 3.74387 3.64245 1.24732 1.64068 2.65753 0.93509 3.83363 2.22939 3.02722 4.10271 1.49136 3.74443 0.54451 1.77451 2.35938 2.91798 1.59161 1.88312 3.90402 0.70890 3.83873 2.55139 4.52492 0.90520 1.58873 3.28922 0.23542 4.70013 3.05683 2.94747 0.86592 0.14618 2.04835 3.24343 2.30435 1.27722 2.57433 0.69642 4.08611 1.23705 4.94528 2.80065 1.98499 4.55299 1.67283 0.11614 3.97497 3.00970 2.73768 0.12708 0.28853 3.54905 2.52706 0.29891 0.57535 4.20059 0.88637 0.22744 1.05995 1.74464 0.88167 0.89992 3.85497 1.03551 2.58388 0.52827 4.71957 0.31825 2.88977 3.18666 1.87208 3.70189 1.09338 1.62068 4.98214 2.08838 2.44722 4.39173 0.14899 1.07460 1.21749 3.79134 1.68568 1.55984 0.97966 3.28457 2.49786 4.30770 0.93842 1.21538 
3.36511 4.85763 4.93654 0.43864 0.20746 4.10777 1.39606 3.37785 0.29912 1.02492 3.54503 2.30605 3.14948 3.07828 2.26703 3.71702 3.32360 0.50876 0.27195 0.73763 0.32455 0.66820 0.95507 1.73723 1.18561 2.00396 3.33969 3.59193 1.28910 0.97363 0.70356 3.15418 0.18298 3.22098 4.18087 4.29226 3.61751 1.45483 2.94747 0.09400 3.47752 4.53467 2.98860 0.07131 3.99136 2.24433 2.31022 1.76816 0.51681 2.33329 3.46122 4.59508 4.19133 2.03707 2.15692 1.99017 0.99932 1.64310 0.72753 3.58062 4.83788 4.80217 1.08421 3.76563 4.81167 0.94935 2.91224 4.81294 1.61151 3.41462 2.47965 3.63281 0.02729 1.92111 4.35003 4.56178 4.68510 3.05243 2.64391 4.86156 4.08305 0.59615 3.57094 3.77436 4.42486 0.69510 1.03586 4.13861 1.74670 4.54136 3.75526 3.97329 3.42711 4.09487 0.57002 3.50440 2.52607 0.48462 0.33162 4.70568 
3.30580 0.18839 2.55014 4.47882 1.16019 1.47112 3.98310 1.27961 4.54167 4.35314 4.67149 0.06790 2.33978 2.83840 2.43753 1.39646 4.56824 1.65766 2.54598 4.83976 4.18513 3.60650 0.75253 0.70089 3.60495 1.99995 0.60459 3.05745 3.78656 2.06041 3.60153 0.01907 0.97682 4.60267 2.23940 2.80056 0.50536 4.39008 0.86592 3.47752 0.07364 4.42640 4.72252 0.13201 2.61711 1.05976 4.75219 2.16738 4.12508 1.04388 1.07755 2.52004 0.96558 4.85769 1.12054 4.06141 4.74003 4.90466 4.60375 2.80918 0.52597 0.93519 3.27070 3.83982 0.70723 4.25439 3.38830 1.22593 4.34104 2.29673 4.09974 3.22588 1.60832 2.11131 4.77634 0.10731 1.63705 2.63541 1.44195 0.31643 2.09119 4.93577 0.86404 1.56666 1.73194 1.79589 0.53895 1.62390 4.42656 0.62596 4.07632 4.62368 3.18763 3.00500 2.20809 0.13343 2.04523 1.64210 1.12321 4.54020 
3.40228 1.08541 0.84925 0.40534 4.39240 0.25375 2.14463 4.12909 2.68851 4.94575 0.04006 1.81437 2.23023 3.43996 1.68627 3.07066 1.38257 2.22784 3.06521 1.08184 4.54899 0.99638 3.78731 3.44598 2.87920 2.79943 0.42363 0.92986 2.42127 2.10808 3.11850 4.78883 2.83087 1.76872 4.33666 0.23102 1.20825 1.23657 0.14618 4.53467 4.42640 2.30280 3.90514 3.14064 2.82244 3.80894 0.62852 1.97394 4.17910 3.73846 3.82113 0.37145 0.11846 0.35466 1.37690 4.61366 4.43461 1.79655 1.49266 0.85346 1.45540 4.97039 2.35369 1.25489 3.17025 3.63028 0.71287 4.24344 0.42956 2.10996 3.30081 2.36431 4.64463 0.45516 0.92753 2.45909 0.05343 1.83480 2.61132 1.33541 4.10535 4.65085 0.86993 3.30330 3.25890 3.18291 4.28027 4.88806 0.08770 4.49654 0.73345 2.46787 1.11090 3.70812 3.23563 2.30883 4.96788 4.16641 2.21650 3.52674 
1.67946 2.02746 3.17391 3.89256 4.24973 4.28313 1.48005 4.71546 3.48284 2.34439 3.53949 1.66053 4.96931 0.13737 3.68079 3.30037 0.93857 2.59912 0.90340 4.35728 3.67585 2.79259 2.43103 4.22577 3.61236 3.23149 3.28296 2.83898 2.87502 0.87640 4.59349 3.06116 2.10795 1.84725 1.06094 4.37563 0.23295 1.90125 2.04835 2.98860 4.72252 3.90514 1.15845 1.20716 1.76574 0.45888 2.48886 4.52656 1.01417 4.10810 0.97201 1.95805 2.57680 1.07133 4.30270 0.22146 2.97602 3.29482 2.19454 2.62970 0.73750 2.23568 1.05427 0.51504 3.20156 0.44447 3.36807 0.39139 2.39819 2.12450 2.16919 0.36077 1.80272 4.04305 0.38844 2.64958 2.70749 4.95547 2.30264 4.21476 0.92701 0.91042 1.68806 4.27072 3.79233 1.90236 1.35594 3.17752 4.90556 1.06102 1.14978 1.11030 1.01535 3.16865 4.07428 1.15223 4.06691 1.78998 0.31435 4.16161 
0.84254 0.70421 4.38842 0.85034 1.24256 1.27627 3.64963 0.25428 2.27298 1.07969 0.51387 4.78401 4.42793 4.44675 2.35771 0.08490 0.41518 2.14112 4.25632 4.13643 0.75279 3.07102 1.87994 4.00866 2.09432 0.95261 4.05055 2.38788 3.13968 4.81848 1.87336 3.54332 3.86654 3.97062 0.40149 1.74285 2.39357 3.67075 3.24343 0.07131 0.13201 3.14064 1.20716 1.97910 1.72055 4.50150 2.84148 2.84053 1.10255 2.66016 3.66228 2.90704 4.23898 4.98716 0.56923 4.26318 0.43389 1.60572 2.05196 1.09930 0.69526 4.01571 3.11115 0.89696 4.71666 0.41365 3.76187 0.13422 0.58094 1.85971 2.94403 1.46933 4.24538 1.35977 3.43470 1.36701 1.22965 2.94619 3.58373 3.25367 2.45945 3.37145 2.32312 1.06279 1.85709 3.86958 0.97113 2.32311 1.72072 1.83655 0.29540 2.19376 0.91532 1.18447 2.18689 2.33074 0.39705 1.43763 3.08903 3.52872 
4.10152 2.66099 4.54629 4.95217 4.82481 0.00918 1.39853 2.58455 2.73257 2.29259 4.87544 4.95096 2.86786 1.95365 3.82782 2.40098 0.48154 3.29009 2.39914 4.25624 0.38263 4.43168 0.18761 4.04270 2.33435 2.66963 2.98018 3.57429 1.76396 3.22821 2.20588 0.98596 4.98503 1.85464 0.34313 3.85935 2.13965 4.20062 2.30435 3.99136 2.61711 2.82244 1.76574 1.72055 4.10810 3.46828 1.12845 2.39639 4.07961 2.67563 1.19607 1.14820 0.94660 2.65632 4.16615 1.01270 1.55982 0.21302 3.03835 3.92963 4.03814 0.32085 4.21096 0.62306 2.27070 1.28858 0.89667 4.86409 2.39519 0.39079 4.07191 1.66885 1.25790 0.23424 3.39456 4.29023 2.92825 0.79039 4.45953 0.45578 0.38725 0.55885 3.20569 4.26030 2.94290 2.61255 3.49986 2.14662 0.41836 4.15496 3.05338 0.29003 0.90035 1.73681 3.16395 3.55232 2.77826 2.93113 2.00112 2.68578 
1.47108 0.99847 3.72590 1.90173 4.84995 1.96228 0.07511 4.70722 2.68142 4.49447 1.81101 0.06544 4.01371 1.51368 0.36880 4.03240 2.99906 1.71001 3.71222 2.02136 0.58872 4.14530 2.76674 2.69149 1.37873 0.88277 2.80084 1.93452 4.56464 2.56187 0.70628 2.33688 4.61719 4.76880 2.32309 1.58992 1.82089 1.54057 1.27722 2.24433 1.05976 3.80894 0.45888 4.50150 3.46828 2.92011 4.25192 3.58888 0.16359 2.35399 1.57638 2.49519 4.49153 3.50457 3.64939 3.86908 3.04224 3.39003 1.22220 1.61342 1.85302 0.74762 4.51734 2.53015 3.77407 4.62401 2.48398 2.49874 0.25720 3.85252 4.38263 2.56297 4.67484 2.12348 2.73535 4.01164 1.67314 4.12953 2.42459 4.59150 1.83601 3.89674 1.49754 3.22267 3.09348 4.76919 1.01509 2.47590 0.39894 4.24229 4.51027 1.48436 1.35594 4.59481 3.42743 3.41083 4.65397 2.97450 1.39150 0.47113 
2.56797 1.19475 2.03359 4.40613 1.74484 2.93323 4.76692 2.03952 4.33193 0.44537 2.12740 3.37760 4.92210 4.54838 2.12062 1.67155 2.89690 1.45998 4.25338 3.89526 0.91028 4.60578 3.60519 4.74644 2.21635 2.96914 4.09956 0.97134 0.16035 3.97188 2.63053 1.93626 2.63058 0.14068 2.41965 4.87354 4.61548 0.08630 2.57433 2.31022 4.75219 0.62852 2.48886 2.84148 1.12845 4.25192 2.41022 1.68609 3.60043 4.36920 0.17545 0.11701 3.79062 4.75665 0.38817 4.23522 1.54416 3.56263 1.22391 0.39077 0.59268 2.20992 2.93363 3.24840 0.83059 4.44280 4.07347 3.84036 4.04119 2.73450 4.25333 4.73724 2.62459 0.65124 0.75576 4.23986 0.61241 4.64968 1.26124 2.85860 3.88024 3.24042 2.95058 0.49883 3.09668 1.31827 1.00630 0.05566 0.65201 1.43517 2.39927 3.14925 0.61999 3.46232 4.29698 0.62940 0.95237 0.18121 2.26834 3.13577 
2.71043 1.57934 1.35398 1.17811 4.51660 3.47649 1.22210 2.62650 3.96389 1.95280 3.50050 2.73103 3.35021 0.36573 3.83755 0.53005 3.37638 1.47061 4.91821 4.63397 3.46079 1.52906 2.54275 1.09042 1.02387 0.41639 2.39893 1.84847 3.94640 3.44528 4.36866 2.16882 2.06347 2.70015 2.32475 2.15898 3.01989 4.96067 0.69642 1.76816 2.16738 1.97394 4.52656 2.84053 2.39639 3.58888 1.68609 1.27421 4.97637 1.06598 0.32651 0.22466 1.73591 3.34917 3.55471 2.61472 1.94734 2.55473 1.46859 1.29427 4.59695 4.84351 1.69104 3.53155 1.02066 3.83934 0.86693 4.61121 1.13554 1.75531 3.68829 1.90334 4.21422 2.56869 1.26836 3.70367 0.40344 4.58600 2.45250 1.00302 2.77501 1.04008 1.35968 0.02486 4.71684 2.11350 0.93959 3.83995 2.69745 3.89870 4.42191 0.79439 2.78526 4.52418 2.80442 3.49526 4.07841 2.81526 1.56998 3.01049 
0.54372 2.03376 3.40643 0.43241 4.59518 4.91204 1.48619 4.43623 2.67717 4.22336 2.42548 1.88450 4.94084 1.46294 2.74418 1.82495 3.71538 1.30520 3.76306 1.61282 3.82285 4.79384 1.80107 2.32947 0.04922 0.12517 0.38333 1.41336 0.28000 2.32574 2.25016 3.86631 3.60601 1.96386 0.55636 3.49029 1.54153 1.17562 4.08611 0.51681 4.12508 4.17910 1.01417 1.10255 4.07961 0.16359 3.60043 4.97637 3.34980 2.06301 0.50010 4.03559 0.57055 2.46890 2.13989 1.54113 1.52262 3.66839 2.30796 0.77478 3.81397 4.04310 1.19220 4.08943 0.27853 0.76638 4.45112 0.49425 0.87543 3.22801 2.28937 0.87293 1.83924 3.51348 2.39896 1.72932 0.40526 4.41522 2.67428 2.05647 3.01245 0.29724 1.70514 2.38264 0.43363 1.36946 2.72798 1.33475 4.90030 1.23102 3.23805 1.73509 2.47151 2.16677 2.11728 4.57346 0.77558 2.71220 0.46106 1.39042 
